1|603739|20190603|-424.079987
1|603042|20190603|1708.859985
1|603668|20190603|-7077.490234
1|600476|20190603|-845.260010
1|603956|20190603|-840.400024
1|600538|20190603|1191.579956
1|603982|20190603|-1746.329956
1|603697|20190603|-2320.139893
1|603327|20190603|1506.099976
1|603085|20190603|456.089996
1|600401|20190603|-9.740000
0|000713|20190603|-4868.379883
1|600804|20190603|-5736.810059
0|000811|20190603|-2901.310059
0|000723|20190603|4877.500000
0|000662|20190603|-1614.469971
0|000608|20190603|278.869995
0|000586|20190603|-1553.800049
0|000159|20190603|133.960007
0|000078|20190603|-4785.759766
0|000010|20190603|2840.090088
