0|000858|20190611|95582.38
1|600519|20190611|46644.49
0|002600|20190611|35072.57
0|300059|20190611|28338.95
0|000831|20190611|26630.25
1|600030|20190611|23633.71
0|002945|20190611|23173.97
1|600031|20190611|22670.06
1|600330|20190611|21487.06
1|601318|20190611|21160.16
0|002415|20190611|19359.78
0|000338|20190611|18223.66
0|000795|20190611|17831.52
0|000568|20190611|17479.77
0|000725|20190611|17405.20
0|000333|20190611|17321.84
0|000977|20190611|16825.58
1|601881|20190611|16229.47
1|603019|20190611|15532.18
1|601688|20190611|15100.04
1|600837|20190611|14096.27
0|300748|20190611|14089.40
1|601519|20190611|13450.91
1|600703|20190611|13246.84
0|000001|20190611|12674.85
1|601068|20190611|12637.96
0|300333|20190611|11587.31
1|601336|20190611|11316.16
0|002467|20190611|10934.42
1|600570|20190611|10842.68
0|002297|20190611|10752.57
0|300775|20190611|10716.40
1|601186|20190611|10567.27
0|300033|20190611|10162.83
0|000723|20190611|10003.12
0|002230|20190611|9479.27
1|600276|20190611|9431.69
1|600720|20190611|9373.16
0|000750|20190611|9054.62
0|000401|20190611|8981.49
0|002902|20190611|8895.98
0|002124|20190611|8640.92
1|600604|20190611|8555.46
1|600111|20190611|8390.00
1|600300|20190611|8366.18
0|002130|20190611|8215.25
0|000100|20190611|8190.86
1|600887|20190611|7947.72
1|600392|20190611|7824.07
1|600425|20190611|7612.18
0|002001|20190611|7440.11
0|300495|20190611|7240.49
0|002304|20190611|6840.61
0|002002|20190611|6763.97
0|000066|20190611|6694.43
0|000636|20190611|6666.85
0|002565|20190611|6648.12
1|601211|20190611|6558.63
1|600436|20190611|6456.62
0|002939|20190611|6455.49
0|002670|20190611|6390.48
0|000998|20190611|6321.50
0|002456|20190611|6313.21
0|300555|20190611|5954.87
0|002167|20190611|5951.63
0|002138|20190611|5942.35
1|600809|20190611|5924.80
1|603421|20190611|5832.81
1|601766|20190611|5748.75
0|000596|20190611|5542.18
0|000505|20190611|5531.97
0|002271|20190611|5515.99
1|600588|20190611|5346.84
1|601601|20190611|5309.50
1|600206|20190611|5234.69
0|300095|20190611|5118.42
0|002166|20190611|5099.59
0|002157|20190611|5064.26
1|600309|20190611|4918.04
0|002310|20190611|4899.61
0|002648|20190611|4828.72
0|000776|20190611|4667.49
1|600517|20190611|4616.91
0|002475|20190611|4608.95
1|600036|20190611|4590.69
0|000932|20190611|4562.12
1|601166|20190611|4545.81
0|000727|20190611|4530.05
1|603189|20190611|4498.50
1|600095|20190611|4475.63
1|600895|20190611|4443.60
1|601319|20190611|4423.63
1|600736|20190611|4398.50
0|300778|20190611|4378.63
1|600009|20190611|4315.21
0|000629|20190611|4264.78
1|600259|20190611|4236.97
0|000050|20190611|4218.56
0|002714|20190611|4210.77
1|603032|20190611|4201.88
0|300103|20190611|4200.26
0|002234|20190611|4191.88
1|600010|20190611|4179.67
0|300142|20190611|4141.85
0|000895|20190611|4076.33
0|002405|20190611|4069.19
0|000877|20190611|4060.21
0|300253|20190611|4030.79
0|002311|20190611|3997.20
0|002027|20190611|3964.88
0|002668|20190611|3893.33
1|600352|20190611|3853.23
1|603259|20190611|3801.93
0|000425|20190611|3734.30
0|002673|20190611|3716.58
1|600218|20190611|3704.61
1|601628|20190611|3703.89
0|002570|20190611|3661.27
0|002702|20190611|3656.83
0|002373|20190611|3636.80
1|603383|20190611|3620.97
0|300017|20190611|3595.51
0|000002|20190611|3585.87
1|600958|20190611|3569.96
0|000789|20190611|3539.28
1|601800|20190611|3515.23
1|600459|20190611|3502.00
0|300379|20190611|3494.64
0|300631|20190611|3459.50
0|002024|20190611|3456.69
0|300183|20190611|3440.19
1|600690|20190611|3415.04
0|002396|20190611|3407.74
0|002307|20190611|3402.36
1|603799|20190611|3371.64
0|002110|20190611|3371.47
1|601108|20190611|3355.24
0|002949|20190611|3341.54
1|600155|20190611|3320.67
1|600359|20190611|3308.30
0|000563|20190611|3306.80
1|603501|20190611|3303.12
0|300014|20190611|3291.48
0|002041|20190611|3286.62
1|600366|20190611|3283.12
1|603369|20190611|3262.04
1|603169|20190611|3244.11
0|000783|20190611|3236.68
0|000960|20190611|3230.49
0|002503|20190611|3184.76
1|601668|20190611|3175.80
0|002958|20190611|3172.19
0|300198|20190611|3170.39
0|002937|20190611|3155.02
0|000860|20190611|3137.89
0|002508|20190611|3126.88
0|002202|20190611|3126.38
1|600801|20190611|3103.85
0|002411|20190611|3077.50
0|002146|20190611|3077.13
0|002783|20190611|3071.81
0|000799|20190611|3067.31
0|000812|20190611|3063.43
0|300451|20190611|3048.40
0|000830|20190611|3047.51
0|000709|20190611|3033.58
1|600621|20190611|3029.77
0|000807|20190611|3026.83
0|000672|20190611|3010.91
0|000878|20190611|3002.35
0|002384|20190611|2997.41
0|002236|20190611|2987.54
1|600337|20190611|2985.20
0|300256|20190611|2981.12
1|601608|20190611|2977.97
0|000166|20190611|2962.41
0|000969|20190611|2953.75
1|600273|20190611|2941.71
0|300224|20190611|2930.22
0|002460|20190611|2914.32
0|000157|20190611|2905.09
1|603018|20190611|2890.71
0|002142|20190611|2889.22
0|002129|20190611|2886.85
1|600127|20190611|2873.97
0|002371|20190611|2872.14
0|002385|20190611|2854.03
1|600068|20190611|2839.92
1|601988|20190611|2775.20
0|300663|20190611|2743.69
0|002736|20190611|2740.68
0|300399|20190611|2718.38
0|002428|20190611|2708.64
0|300287|20190611|2706.05
1|600624|20190611|2701.61
0|002233|20190611|2691.07
1|601618|20190611|2681.45
0|002919|20190611|2668.11
0|000928|20190611|2665.60
0|002340|20190611|2657.79
0|002341|20190611|2649.24
0|000159|20190611|2643.92
0|002517|20190611|2636.91
0|000716|20190611|2590.86
1|600316|20190611|2588.21
0|300113|20190611|2584.72
1|600067|20190611|2569.07
0|300176|20190611|2564.97
1|600751|20190611|2564.01
0|002497|20190611|2559.06
0|002241|20190611|2552.37
1|600741|20190611|2521.14
0|000758|20190611|2509.53
0|000677|20190611|2498.07
1|600004|20190611|2494.50
0|300223|20190611|2477.59
0|000063|20190611|2470.30
1|600776|20190611|2470.26
1|600909|20190611|2459.66
0|002926|20190611|2457.57
0|300383|20190611|2451.60
1|601858|20190611|2446.06
0|002131|20190611|2436.65
1|600975|20190611|2432.19
0|002916|20190611|2427.04
0|000848|20190611|2426.04
0|300170|20190611|2414.04
0|000655|20190611|2375.09
1|600201|20190611|2359.21
0|300713|20190611|2333.30
0|300122|20190611|2324.17
1|601636|20190611|2286.78
1|600820|20190611|2284.53
0|002531|20190611|2282.89
0|300025|20190611|2280.86
0|002548|20190611|2268.96
1|600216|20190611|2244.49
1|600677|20190611|2231.89
1|600600|20190611|2220.25
0|300612|20190611|2207.93
1|600029|20190611|2190.68
1|600535|20190611|2187.09
1|603697|20190611|2175.51
1|600369|20190611|2167.47
0|000069|20190611|2145.37
1|603609|20190611|2136.94
0|002500|20190611|2131.23
1|601860|20190611|2121.10
0|002198|20190611|2115.25
0|000728|20190611|2102.55
1|600016|20190611|2102.50
0|000951|20190611|2101.46
1|600740|20190611|2096.66
0|000990|20190611|2081.25
1|603363|20190611|2069.43
1|600362|20190611|2066.94
1|600528|20190611|2055.36
0|300284|20190611|2023.47
0|300498|20190611|2018.80
0|300271|20190611|2017.64
0|002078|20190611|2016.54
0|002842|20190611|2006.77
0|300615|20190611|1998.21
1|601669|20190611|1996.37
1|600150|20190611|1991.79
0|000503|20190611|1973.45
1|601600|20190611|1971.58
1|603186|20190611|1970.14
1|601390|20190611|1944.76
0|300212|20190611|1929.64
0|300347|20190611|1926.19
1|600332|20190611|1925.70
1|601038|20190611|1921.37
1|603000|20190611|1915.67
1|600507|20190611|1914.46
0|002051|20190611|1911.77
0|000793|20190611|1908.41
0|000717|20190611|1901.04
0|300384|20190611|1900.73
0|000778|20190611|1898.90
1|600197|20190611|1898.58
0|000876|20190611|1877.12
0|002171|20190611|1875.05
1|600779|20190611|1869.96
0|002013|20190611|1865.56
1|600597|20190611|1858.99
0|000983|20190611|1855.47
1|601777|20190611|1843.19
1|601111|20190611|1841.54
0|300194|20190611|1832.80
0|002044|20190611|1819.01
0|000732|20190611|1816.88
1|603020|20190611|1810.63
1|601066|20190611|1810.24
0|002180|20190611|1808.81
0|002410|20190611|1799.35
0|000768|20190611|1790.53
0|000555|20190611|1786.81
0|002189|20190611|1781.38
1|603399|20190611|1777.55
0|000801|20190611|1774.89
1|600886|20190611|1763.03
1|601233|20190611|1760.66
0|002465|20190611|1757.34
0|000751|20190611|1752.88
0|002090|20190611|1749.62
1|601375|20190611|1744.09
0|002639|20190611|1735.99
0|002866|20190611|1725.89
1|601788|20190611|1723.92
0|300776|20190611|1718.55
1|600734|20190611|1715.96
0|300457|20190611|1714.11
0|000506|20190611|1702.18
0|300674|20190611|1701.97
1|601678|20190611|1701.94
0|000988|20190611|1690.92
0|002439|20190611|1685.17
1|601990|20190611|1680.76
0|300553|20190611|1669.79
1|601225|20190611|1652.60
1|601162|20190611|1645.64
0|002302|20190611|1632.19
0|000681|20190611|1627.94
1|600258|20190611|1626.83
0|000938|20190611|1622.70
1|600868|20190611|1614.59
1|600109|20190611|1607.76
1|601377|20190611|1606.19
0|000089|20190611|1605.83
1|600728|20190611|1604.83
1|600383|20190611|1602.70
0|002191|20190611|1601.97
0|002247|20190611|1587.45
0|000958|20190611|1585.31
0|002176|20190611|1583.22
0|000413|20190611|1583.10
1|603128|20190611|1582.34
1|600027|20190611|1579.72
0|300368|20190611|1570.66
1|600758|20190611|1569.47
0|002092|20190611|1561.70
0|300310|20190611|1544.44
0|000686|20190611|1535.07
0|000036|20190611|1527.45
1|600581|20190611|1524.73
0|300146|20190611|1523.48
0|002268|20190611|1521.91
1|600864|20190611|1517.26
1|600928|20190611|1515.93
0|000423|20190611|1513.98
1|600256|20190611|1504.81
0|300408|20190611|1502.78
1|600980|20190611|1500.78
1|600875|20190611|1487.73
0|300340|20190611|1480.67
0|300070|20190611|1475.51
1|600642|20190611|1475.47
1|603357|20190611|1466.06
1|603026|20190611|1463.80
0|002100|20190611|1459.95
0|002123|20190611|1456.90
1|600463|20190611|1454.65
1|600196|20190611|1442.82
0|000786|20190611|1436.40
0|300127|20190611|1435.12
0|300732|20190611|1433.68
0|002594|20190611|1432.48
0|002089|20190611|1430.39
0|002450|20190611|1429.32
1|601969|20190611|1417.49
0|002274|20190611|1413.12
0|002607|20190611|1412.96
1|600759|20190611|1409.40
0|300435|20190611|1385.88
0|000713|20190611|1382.45
0|300618|20190611|1373.64
0|000777|20190611|1371.74
0|300659|20190611|1364.24
0|002049|20190611|1361.53
0|300357|20190611|1354.65
1|601949|20190611|1353.74
0|300046|20190611|1352.97
1|601598|20190611|1348.50
0|002127|20190611|1346.04
0|002936|20190611|1338.21
1|601975|20190611|1335.61
0|002690|20190611|1335.04
0|002118|20190611|1330.80
0|002240|20190611|1329.82
0|002555|20190611|1320.00
0|000735|20190611|1313.52
0|002519|20190611|1313.46
1|601006|20190611|1305.13
0|002596|20190611|1303.10
0|300299|20190611|1300.55
1|600635|20190611|1294.27
0|000901|20190611|1291.58
1|601818|20190611|1289.64
1|600571|20190611|1289.06
1|601128|20190611|1272.25
1|600311|20190611|1267.58
1|600176|20190611|1266.48
0|300500|20190611|1263.64
1|601088|20190611|1257.62
1|600171|20190611|1253.68
1|600848|20190611|1247.30
1|600198|20190611|1240.33
0|300699|20190611|1234.39
0|000823|20190611|1228.59
0|002733|20190611|1227.54
0|000671|20190611|1225.35
0|000630|20190611|1218.65
0|300365|20190611|1216.45
0|300777|20190611|1208.42
0|000966|20190611|1206.63
1|603843|20190611|1203.23
1|600130|20190611|1197.24
0|000933|20190611|1195.55
0|002017|20190611|1191.32
1|600859|20190611|1189.04
0|300407|20190611|1188.75
0|300308|20190611|1186.13
1|600533|20190611|1186.00
1|600737|20190611|1185.41
0|002955|20190611|1182.83
0|300579|20190611|1176.25
0|300749|20190611|1169.68
0|000902|20190611|1163.50
1|600377|20190611|1162.75
0|300188|20190611|1160.61
0|000993|20190611|1160.30
1|600390|20190611|1160.03
1|601198|20190611|1156.36
0|002567|20190611|1156.08
1|600559|20190611|1153.66
0|300675|20190611|1148.81
0|000656|20190611|1140.28
1|600398|20190611|1135.85
1|603589|20190611|1132.28
0|002353|20190611|1131.08
0|000733|20190611|1129.20
0|300158|20190611|1125.31
0|300390|20190611|1120.46
1|601919|20190611|1115.30
1|600989|20190611|1115.18
0|300119|20190611|1112.90
0|300316|20190611|1112.65
1|600131|20190611|1107.86
1|603986|20190611|1106.83
0|002094|20190611|1104.14
0|300668|20190611|1098.02
0|000936|20190611|1092.62
0|002822|20190611|1088.41
1|600637|20190611|1087.08
0|300404|20190611|1086.09
0|002948|20190611|1086.05
0|002262|20190611|1076.74
0|300377|20190611|1076.29
1|600039|20190611|1070.55
1|600325|20190611|1064.61
0|000703|20190611|1063.66
0|002466|20190611|1059.81
0|300309|20190611|1057.89
0|002941|20190611|1057.03
0|002440|20190611|1055.48
0|000810|20190611|1053.72
0|300213|20190611|1048.79
1|600664|20190611|1045.93
0|002273|20190611|1045.07
0|300273|20190611|1043.01
1|600120|20190611|1039.93
1|600100|20190611|1036.12
1|601099|20190611|1035.12
0|000815|20190611|1034.80
0|300311|20190611|1034.44
1|600458|20190611|1034.25
1|601899|20190611|1033.80
0|000008|20190611|1031.52
1|600582|20190611|1031.45
1|600104|20190611|1028.91
1|600114|20190611|1024.94
0|002151|20190611|1019.18
1|600110|20190611|1012.19
0|002626|20190611|1008.87
1|601216|20190611|1008.26
0|000415|20190611|1005.47
0|002507|20190611|1001.84
0|002054|20190611|1000.54
0|000851|20190611|999.38
1|600596|20190611|996.22
0|000009|20190611|992.75
1|600058|20190611|988.50
0|300560|20190611|985.25
0|300139|20190611|983.59
0|300348|20190611|983.43
1|600008|20190611|982.37
1|600512|20190611|980.25
0|002477|20190611|979.97
0|300226|20190611|978.01
0|300207|20190611|974.75
1|600438|20190611|973.91
0|002378|20190611|973.84
0|002035|20190611|972.98
1|600213|20190611|968.91
1|601288|20190611|964.86
1|601238|20190611|963.85
1|600819|20190611|955.50
1|600711|20190611|954.59
0|300567|20190611|950.26
1|600422|20190611|948.26
1|600073|20190611|947.42
0|000963|20190611|946.55
1|600755|20190611|946.23
0|300137|20190611|945.30
1|600019|20190611|943.01
1|603899|20190611|942.57
1|600015|20190611|942.01
0|002177|20190611|941.34
0|300077|20190611|934.55
0|000962|20190611|931.89
0|300239|20190611|931.64
1|600409|20190611|926.24
1|600626|20190611|924.72
1|603777|20190611|921.61
1|600810|20190611|921.57
1|600532|20190611|920.45
0|000627|20190611|917.52
0|002007|20190611|916.36
0|002182|20190611|914.82
0|300527|20190611|912.37
0|300635|20190611|906.59
0|000861|20190611|905.79
1|601118|20190611|905.71
0|002243|20190611|904.69
0|000813|20190611|904.67
1|603993|20190611|902.31
0|000498|20190611|899.05
0|002630|20190611|897.14
1|600382|20190611|895.27
0|000581|20190611|892.85
1|600879|20190611|885.68
1|600373|20190611|885.14
0|300604|20190611|882.19
1|600360|20190611|879.77
1|600188|20190611|878.91
0|002132|20190611|875.26
0|000886|20190611|872.39
1|600668|20190611|871.45
1|600133|20190611|871.19
0|300038|20190611|866.51
1|600456|20190611|863.58
1|600028|20190611|862.03
1|600794|20190611|861.59
1|600491|20190611|860.83
0|002589|20190611|859.50
0|300145|20190611|858.01
0|300124|20190611|855.21
0|002217|20190611|854.30
0|002149|20190611|851.66
1|600643|20190611|847.80
1|603220|20190611|845.85
1|600803|20190611|845.35
0|000930|20190611|843.89
0|300401|20190611|843.12
0|002218|20190611|842.69
1|603718|20190611|842.37
1|600695|20190611|835.53
0|000019|20190611|834.85
1|600056|20190611|833.92
1|600006|20190611|830.74
1|603678|20190611|827.69
0|000800|20190611|823.98
0|002292|20190611|822.94
0|000826|20190611|822.78
0|000729|20190611|822.63
0|002585|20190611|820.93
1|600579|20190611|818.39
1|601018|20190611|817.39
1|600811|20190611|816.20
0|300450|20190611|814.89
1|600546|20190611|814.70
0|002152|20190611|814.16
0|002113|20190611|810.16
0|300169|20190611|802.61
0|300448|20190611|802.54
0|002366|20190611|802.10
1|601106|20190611|801.45
0|000996|20190611|800.19
1|600707|20190611|798.56
0|000792|20190611|797.34
0|300409|20190611|794.75
0|002356|20190611|792.59
1|600235|20190611|788.32
0|300747|20190611|783.65
0|001696|20190611|783.52
1|600660|20190611|782.25
0|002910|20190611|778.32
0|000811|20190611|777.15
1|601011|20190611|776.57
0|002025|20190611|774.47
0|000516|20190611|771.43
0|002509|20190611|768.58
1|600367|20190611|766.29
0|000911|20190611|762.71
1|603183|20190611|762.33
1|603458|20190611|762.06
0|300588|20190611|759.50
0|000957|20190611|756.17
0|000612|20190611|755.51
1|603660|20190611|753.47
1|601615|20190611|753.25
0|000528|20190611|752.71
0|000609|20190611|751.55
0|002449|20190611|750.43
0|002583|20190611|749.81
1|601890|20190611|747.88
0|300091|20190611|747.76
1|600893|20190611|745.72
0|000564|20190611|744.04
1|600123|20190611|742.85
1|603977|20190611|739.53
0|000802|20190611|736.76
0|002571|20190611|734.76
0|000650|20190611|734.16
0|300706|20190611|724.94
1|600869|20190611|723.10
1|603299|20190611|720.56
0|300427|20190611|718.75
1|600845|20190611|715.64
0|300302|20190611|713.70
0|002537|20190611|709.73
0|002148|20190611|709.39
1|600694|20190611|706.25
0|002946|20190611|703.16
0|300623|20190611|702.56
0|002372|20190611|701.99
1|600081|20190611|699.49
1|603113|20190611|698.95
1|600118|20190611|698.37
0|000592|20190611|697.55
0|002421|20190611|696.50
0|002413|20190611|694.35
0|000031|20190611|691.52
0|002076|20190611|690.04
0|002280|20190611|688.82
0|002266|20190611|686.09
0|002726|20190611|685.42
1|601577|20190611|684.41
1|600093|20190611|681.84
0|000665|20190611|678.75
0|002088|20190611|678.60
0|000155|20190611|674.86
0|002746|20190611|674.75
0|300066|20190611|674.28
0|000021|20190611|673.73
0|300356|20190611|672.46
1|600963|20190611|672.31
0|300171|20190611|671.42
0|002065|20190611|668.37
1|601866|20190611|662.94
0|300504|20190611|659.39
0|000923|20190611|658.79
0|002321|20190611|657.78
0|300766|20190611|648.48
0|002636|20190611|647.57
0|000420|20190611|646.37
0|002249|20190611|646.32
0|002681|20190611|644.48
0|000973|20190611|641.95
1|600584|20190611|640.67
0|002158|20190611|640.26
1|600645|20190611|639.06
0|000587|20190611|638.90
1|603297|20190611|635.28
1|600060|20190611|634.09
0|000639|20190611|629.26
0|002401|20190611|628.26
0|300166|20190611|627.84
1|601100|20190611|627.36
1|600710|20190611|625.41
0|002745|20190611|623.76
0|300319|20190611|623.08
1|600699|20190611|622.80
0|002050|20190611|621.14
0|300479|20190611|620.06
0|002042|20190611|618.34
0|300628|20190611|615.92
0|300037|20190611|613.14
0|002481|20190611|611.44
1|603890|20190611|610.78
1|603360|20190611|610.17
0|000968|20190611|606.73
1|600281|20190611|606.34
0|002628|20190611|605.80
0|002927|20190611|604.94
0|000997|20190611|604.66
0|002368|20190611|600.31
0|000927|20190611|599.49
1|603978|20190611|597.70
0|300571|20190611|597.69
1|600345|20190611|597.43
1|600850|20190611|597.32
1|603967|20190611|596.72
0|300378|20190611|595.62
0|300548|20190611|590.07
0|002683|20190611|589.31
0|002244|20190611|588.76
1|603336|20190611|587.73
0|002048|20190611|586.31
0|002716|20190611|586.02
0|002488|20190611|585.75
0|002137|20190611|584.21
1|600970|20190611|582.10
0|000560|20190611|581.54
0|300229|20190611|580.35
0|000833|20190611|576.90
0|002080|20190611|573.77
0|002852|20190611|573.11
1|600208|20190611|572.55
1|600470|20190611|563.63
1|603012|20190611|561.85
1|600020|20190611|559.88
0|002493|20190611|559.33
0|000610|20190611|558.65
0|002572|20190611|557.64
0|000981|20190611|557.49
0|300296|20190611|556.40
1|600977|20190611|553.50
0|000915|20190611|553.40
0|002081|20190611|553.30
0|002215|20190611|552.04
1|603027|20190611|550.80
1|600466|20190611|546.77
0|002685|20190611|546.51
0|300638|20190611|544.62
0|001896|20190611|543.97
1|600086|20190611|543.96
1|600340|20190611|542.63
0|002695|20190611|539.27
1|600590|20190611|538.84
0|002556|20190611|538.17
0|002095|20190611|537.53
0|002032|20190611|535.21
1|601168|20190611|534.77
1|603260|20190611|533.78
0|000825|20190611|530.55
0|002657|20190611|529.66
0|300780|20190611|529.16
0|300222|20190611|528.82
1|600320|20190611|527.32
0|002430|20190611|522.66
0|000722|20190611|522.25
1|600549|20190611|521.09
0|002912|20190611|520.98
0|000039|20190611|520.25
0|300355|20190611|515.55
0|000507|20190611|513.58
1|603508|20190611|513.36
1|600704|20190611|513.29
0|002426|20190611|512.76
0|002117|20190611|511.69
1|600866|20190611|510.67
1|600482|20190611|509.36
0|002073|20190611|509.04
0|002586|20190611|507.73
0|002183|20190611|507.59
1|601828|20190611|507.04
1|601008|20190611|506.71
1|600835|20190611|505.40
0|300217|20190611|505.37
1|600038|20190611|504.80
1|600226|20190611|504.44
1|603650|20190611|503.84
0|000856|20190611|502.68
1|600117|20190611|501.88
0|002592|20190611|501.32
1|603520|20190611|501.24
0|300099|20190611|501.06
0|300324|20190611|500.65
0|002611|20190611|499.97
0|000519|20190611|497.80
1|600072|20190611|497.66
0|300251|20190611|496.38
0|300694|20190611|495.63
0|002267|20190611|493.01
0|002220|20190611|490.74
0|300263|20190611|490.48
1|600540|20190611|490.33
0|002305|20190611|489.83
0|000959|20190611|489.81
0|300573|20190611|488.54
0|002530|20190611|488.22
0|002677|20190611|485.38
0|300475|20190611|485.17
0|300010|20190611|483.43
0|000590|20190611|482.86
0|300339|20190611|480.07
0|300266|20190611|479.04
1|600187|20190611|478.74
0|300003|20190611|478.13
0|002807|20190611|475.49
1|600426|20190611|474.47
0|002869|20190611|474.02
0|002781|20190611|473.86
1|600612|20190611|473.26
0|000680|20190611|473.02
1|600897|20190611|472.32
0|300676|20190611|471.84
0|002429|20190611|471.79
0|002635|20190611|471.20
0|002043|20190611|470.04
0|002258|20190611|466.84
0|000049|20190611|466.48
0|000931|20190611|466.07
1|601020|20190611|466.01
1|600997|20190611|465.98
0|002276|20190611|465.62
1|600825|20190611|465.22
1|600160|20190611|465.12
1|603789|20190611|464.96
0|002771|20190611|464.30
0|002254|20190611|463.98
0|002750|20190611|462.98
0|002739|20190611|462.72
0|002145|20190611|462.26
1|603970|20190611|461.03
0|300444|20190611|459.65
0|002603|20190611|457.66
1|603856|20190611|456.03
0|002664|20190611|455.57
1|600851|20190611|455.57
0|002067|20190611|455.49
0|000852|20190611|455.40
0|000850|20190611|454.86
1|600266|20190611|454.54
1|603239|20190611|453.90
1|600649|20190611|453.70
0|300568|20190611|453.60
0|000652|20190611|453.54
1|601003|20190611|452.42
1|601965|20190611|450.32
0|002839|20190611|449.22
0|002512|20190611|448.76
1|603117|20190611|447.49
0|002168|20190611|446.85
0|002156|20190611|445.93
0|300456|20190611|444.23
0|300538|20190611|443.69
0|002402|20190611|443.65
0|300231|20190611|441.94
0|002618|20190611|441.79
1|600583|20190611|441.67
0|000760|20190611|439.38
0|002061|20190611|438.06
1|603701|20190611|437.80
0|300463|20190611|437.77
0|300232|20190611|437.13
0|002355|20190611|437.11
0|002370|20190611|436.14
0|300666|20190611|435.61
1|601588|20190611|435.61
1|600227|20190611|435.03
0|000976|20190611|433.25
1|601918|20190611|433.14
1|600023|20190611|432.17
1|600192|20190611|430.92
1|600064|20190611|429.38
0|000697|20190611|426.40
1|600667|20190611|426.11
0|002455|20190611|425.33
0|000523|20190611|423.03
0|300267|20190611|422.39
0|300562|20190611|422.22
0|000673|20190611|421.59
0|002125|20190611|421.03
1|603956|20190611|420.17
0|300181|20190611|420.07
0|000517|20190611|420.03
0|002675|20190611|419.64
0|300225|20190611|418.55
0|300123|20190611|417.95
0|002860|20190611|417.22
0|000882|20190611|417.12
0|000685|20190611|417.10
1|603606|20190611|416.36
0|002277|20190611|415.30
1|603658|20190611|415.19
1|601360|20190611|414.76
0|002447|20190611|414.17
0|300506|20190611|413.61
0|300197|20190611|410.07
0|000584|20190611|409.36
0|000025|20190611|408.56
1|600566|20190611|408.45
1|600522|20190611|408.13
1|603906|20190611|407.75
1|600167|20190611|406.98
0|300021|20190611|406.43
0|300331|20190611|406.03
0|002367|20190611|405.78
0|002431|20190611|405.03
0|002505|20190611|404.93
0|300655|20190611|404.59
1|603305|20190611|403.52
1|601333|20190611|402.85
0|000035|20190611|402.60
1|600108|20190611|400.62
1|600406|20190611|400.28
0|002920|20190611|399.95
1|600291|20190611|398.74
1|600846|20190611|398.65
0|300289|20190611|398.63
0|002610|20190611|397.30
0|300477|20190611|395.75
0|000712|20190611|394.42
0|000018|20190611|393.91
0|300035|20190611|393.76
0|000822|20190611|393.15
0|300190|20190611|392.71
0|002457|20190611|390.58
0|002622|20190611|390.01
0|300398|20190611|388.89
1|601633|20190611|387.68
0|002214|20190611|386.98
0|002601|20190611|385.53
1|601010|20190611|385.20
0|002564|20190611|384.33
1|600161|20190611|382.36
0|002022|20190611|381.39
0|002653|20190611|380.92
1|600408|20190611|380.02
1|600331|20190611|378.89
0|002930|20190611|378.87
0|000488|20190611|377.07
1|603078|20190611|376.93
1|603882|20190611|376.70
0|002424|20190611|376.43
0|300228|20190611|376.04
0|000055|20190611|375.02
0|002540|20190611|373.28
0|300737|20190611|372.55
0|000012|20190611|372.10
0|002369|20190611|371.39
0|000631|20190611|371.16
0|002296|20190611|370.15
0|300043|20190611|369.81
0|002358|20190611|369.81
0|300304|20190611|369.09
0|002760|20190611|368.46
1|600530|20190611|368.26
1|600993|20190611|367.53
1|603979|20190611|367.05
0|000666|20190611|366.93
0|300724|20190611|365.92
0|300036|20190611|364.62
0|002471|20190611|364.48
0|002047|20190611|363.64
0|300395|20190611|363.38
0|300595|20190611|363.10
0|300193|20190611|361.43
0|300746|20190611|361.02
1|603108|20190611|359.14
1|600708|20190611|357.76
0|000766|20190611|356.99
1|601212|20190611|355.74
0|002951|20190611|353.97
0|300006|20190611|353.37
1|600230|20190611|352.46
0|300044|20190611|351.66
1|600268|20190611|350.99
0|002871|20190611|350.91
0|300470|20190611|350.51
0|300691|20190611|349.04
0|002928|20190611|346.98
0|000791|20190611|346.94
0|300211|20190611|344.97
1|600885|20190611|344.86
1|601388|20190611|343.78
0|300454|20190611|343.41
1|600418|20190611|343.28
0|000980|20190611|342.89
0|002906|20190611|341.28
0|002933|20190611|340.85
0|300236|20190611|340.78
0|000676|20190611|339.82
0|300511|20190611|339.59
0|002444|20190611|339.55
1|601113|20190611|338.92
1|601139|20190611|338.49
0|000529|20190611|338.05
0|000869|20190611|337.24
0|300315|20190611|337.03
1|603916|20190611|336.08
1|600391|20190611|334.89
1|600057|20190611|334.52
1|603628|20190611|333.22
0|002952|20190611|332.38
1|600552|20190611|332.30
1|600255|20190611|331.74
1|600088|20190611|330.46
0|300474|20190611|330.18
1|600368|20190611|330.04
0|002832|20190611|327.84
1|603086|20190611|327.84
1|600790|20190611|327.69
1|603133|20190611|327.47
0|002005|20190611|327.31
0|002663|20190611|326.48
0|300367|20190611|325.96
0|300078|20190611|325.54
0|000537|20190611|324.64
1|601607|20190611|324.63
1|600990|20190611|323.04
0|002030|20190611|322.48
0|002708|20190611|322.29
1|600395|20190611|321.82
0|000881|20190611|321.30
0|300327|20190611|320.98
0|300523|20190611|319.94
1|600053|20190611|317.99
0|002423|20190611|316.94
0|002203|20190611|316.63
1|601611|20190611|315.42
1|600106|20190611|314.33
1|600722|20190611|314.28
1|601001|20190611|314.17
1|600823|20190611|313.59
0|002344|20190611|313.01
0|300695|20190611|312.05
1|603888|20190611|311.82
1|600105|20190611|311.81
1|603666|20190611|311.12
0|002320|20190611|311.04
1|600428|20190611|310.00
1|603017|20190611|309.95
1|600789|20190611|309.46
0|000935|20190611|309.00
0|300285|20190611|308.82
0|300064|20190611|307.69
0|002427|20190611|306.41
1|601188|20190611|306.31
0|002040|20190611|306.15
0|300164|20190611|306.05
1|600926|20190611|305.43
0|300016|20190611|304.37
0|300703|20190611|303.10
0|002535|20190611|302.35
0|002747|20190611|301.87
0|002777|20190611|301.72
1|603466|20190611|301.31
1|603232|20190611|301.25
0|300147|20190611|300.99
0|002197|20190611|300.75
0|002717|20190611|299.65
1|601700|20190611|298.34
1|600777|20190611|296.56
0|000753|20190611|296.34
1|603505|20190611|296.04
1|603377|20190611|295.97
1|601865|20190611|295.97
1|600750|20190611|295.85
1|601886|20190611|295.68
1|600490|20190611|295.12
0|000806|20190611|295.08
0|300039|20190611|293.46
1|600663|20190611|293.32
1|600025|20190611|293.26
1|603379|20190611|292.38
0|300090|20190611|291.73
0|000955|20190611|291.65
1|600760|20190611|291.65
1|601997|20190611|291.29
1|601619|20190611|291.28
1|600169|20190611|291.06
0|000761|20190611|291.01
0|000407|20190611|290.64
0|002298|20190611|290.15
1|601872|20190611|289.38
0|002888|20190611|286.88
0|000767|20190611|286.77
0|000567|20190611|286.70
1|600063|20190611|286.57
0|002568|20190611|286.14
0|002318|20190611|286.07
0|002821|20190611|285.58
0|300771|20190611|284.15
0|002632|20190611|283.22
0|000090|20190611|283.06
1|601878|20190611|282.68
0|300034|20190611|282.31
1|603929|20190611|281.81
1|601939|20190611|281.64
0|002381|20190611|280.17
0|002332|20190611|279.92
0|000762|20190611|279.25
1|600602|20190611|278.70
1|603698|20190611|278.65
0|002226|20190611|277.75
0|002216|20190611|277.22
1|600730|20190611|277.13
1|601101|20190611|277.10
0|002915|20190611|276.58
0|300531|20190611|276.49
0|002204|20190611|275.83
0|300469|20190611|273.99
0|000918|20190611|273.04
0|300545|20190611|272.35
0|300575|20190611|272.06
1|600405|20190611|271.20
0|002545|20190611|270.07
1|600919|20190611|269.49
1|601718|20190611|269.01
1|600873|20190611|268.76
0|300540|20190611|268.62
1|600731|20190611|268.36
0|300433|20190611|267.63
1|600614|20190611|266.34
0|300374|20190611|266.24
0|002445|20190611|266.24
1|600080|20190611|266.14
0|300029|20190611|265.65
1|600800|20190611|265.63
1|600356|20190611|265.34
1|600199|20190611|265.15
1|603588|20190611|263.12
1|601098|20190611|262.99
1|600630|20190611|262.37
0|300245|20190611|260.61
0|300472|20190611|260.41
1|600678|20190611|260.36
0|002395|20190611|259.47
0|000910|20190611|259.44
1|600162|20190611|258.46
1|603323|20190611|258.30
0|300611|20190611|257.42
1|601226|20190611|257.39
0|300072|20190611|257.35
1|600563|20190611|256.95
1|600415|20190611|256.75
0|000989|20190611|256.56
0|000623|20190611|256.18
1|600689|20190611|256.00
0|000720|20190611|255.98
1|603535|20190611|254.96
0|000698|20190611|253.60
0|300369|20190611|252.84
0|002892|20190611|252.75
0|002155|20190611|251.87
1|603966|20190611|251.64
0|002609|20190611|250.89
1|601002|20190611|250.74
1|600119|20190611|250.62
0|002315|20190611|249.98
1|600756|20190611|249.60
0|000917|20190611|249.24
0|300307|20190611|249.00
0|300020|20190611|247.07
1|600830|20190611|246.77
0|300089|20190611|246.56
1|600285|20190611|246.00
1|603367|20190611|245.89
0|000070|20190611|245.46
0|300157|20190611|244.66
1|600592|20190611|244.55
0|000061|20190611|243.97
1|601908|20190611|243.94
0|300643|20190611|243.88
1|603516|20190611|243.36
1|603828|20190611|243.26
0|000531|20190611|242.78
1|600393|20190611|242.32
0|300338|20190611|242.10
0|002643|20190611|242.09
0|002206|20190611|241.91
1|600037|20190611|241.21
1|600867|20190611|241.11
0|002252|20190611|240.77
0|002245|20190611|240.04
1|600739|20190611|239.91
0|300210|20190611|239.56
1|603996|20190611|239.42
0|002522|20190611|239.39
1|603693|20190611|239.20
0|001965|20190611|239.10
0|300630|20190611|238.92
0|300422|20190611|238.89
1|603429|20190611|238.74
0|002308|20190611|238.58
0|002780|20190611|237.48
0|300140|20190611|236.75
0|002114|20190611|236.34
1|600523|20190611|236.20
0|300148|20190611|234.90
1|600838|20190611|234.17
0|000909|20190611|233.47
1|600639|20190611|233.35
0|002582|20190611|233.22
0|300326|20190611|233.02
0|002345|20190611|232.73
1|600096|20190611|232.31
1|600562|20190611|232.04
1|600763|20190611|229.79
0|300402|20190611|229.66
1|600365|20190611|229.30
0|002768|20190611|228.78
1|603568|20190611|227.74
1|603359|20190611|227.62
0|000710|20190611|227.44
1|601999|20190611|227.29
1|603345|20190611|227.05
0|300235|20190611|227.04
0|300075|20190611|226.22
1|600971|20190611|225.90
0|000521|20190611|225.81
0|300055|20190611|225.68
0|002950|20190611|225.19
0|300364|20190611|225.09
0|002097|20190611|225.00
0|002036|20190611|224.83
0|300559|20190611|224.52
1|600439|20190611|223.89
0|002016|20190611|223.74
0|300160|20190611|223.49
0|002656|20190611|222.75
0|000571|20190611|222.08
0|000708|20190611|221.93
0|000509|20190611|221.52
0|002441|20190611|221.39
0|002392|20190611|221.07
0|002470|20190611|220.93
0|300011|20190611|220.92
1|600757|20190611|220.75
0|002737|20190611|220.27
0|300680|20190611|220.24
1|603733|20190611|220.18
1|603700|20190611|219.85
1|601116|20190611|219.80
0|002052|20190611|217.83
0|002830|20190611|217.71
0|002010|20190611|217.66
0|002386|20190611|217.61
0|300149|20190611|216.83
0|002064|20190611|216.65
0|300233|20190611|216.42
0|002055|20190611|216.25
0|300688|20190611|215.24
0|002224|20190611|215.13
0|002075|20190611|214.27
1|601015|20190611|214.01
1|600870|20190611|213.81
1|603103|20190611|213.38
0|300360|20190611|212.64
1|600529|20190611|212.47
1|600136|20190611|211.85
0|300773|20190611|211.61
1|600780|20190611|211.31
1|603655|20190611|211.15
1|600295|20190611|210.99
0|000796|20190611|210.47
0|300386|20190611|210.15
0|002106|20190611|209.96
1|603883|20190611|209.78
0|000552|20190611|209.69
0|000682|20190611|209.42
0|000736|20190611|209.17
0|002641|20190611|208.40
0|300763|20190611|208.10
0|000539|20190611|208.03
0|000416|20190611|207.75
0|000739|20190611|207.15
1|600874|20190611|206.66
0|002432|20190611|206.32
0|300723|20190611|206.14
0|002111|20190611|206.13
0|002554|20190611|205.87
0|002239|20190611|205.77
0|300767|20190611|205.04
1|600855|20190611|204.67
0|300298|20190611|204.50
1|603333|20190611|204.45
0|002357|20190611|204.28
0|000635|20190611|204.21
0|000565|20190611|204.19
0|000912|20190611|204.13
0|300741|20190611|203.72
0|002091|20190611|202.75
0|000065|20190611|200.70
1|600212|20190611|200.20
1|600322|20190611|199.37
1|600822|20190611|198.95
0|300600|20190611|198.81
0|000151|20190611|198.67
0|002514|20190611|197.98
0|300526|20190611|197.54
1|603699|20190611|197.52
1|603936|20190611|196.81
1|600748|20190611|196.34
0|002798|20190611|195.93
0|002160|20190611|195.76
0|300201|20190611|195.56
1|603387|20190611|195.51
0|000582|20190611|195.37
0|002453|20190611|194.93
0|000816|20190611|194.56
1|603959|20190611|194.40
0|300696|20190611|194.20
0|300423|20190611|193.86
0|300323|20190611|193.57
1|600477|20190611|193.44
0|002300|20190611|193.35
0|002637|20190611|192.22
0|002435|20190611|192.21
0|002518|20190611|191.43
0|002108|20190611|191.39
1|603308|20190611|191.38
0|002474|20190611|190.58
0|002406|20190611|190.31
0|002383|20190611|190.25
1|603283|20190611|190.07
0|002335|20190611|189.58
0|002872|20190611|189.49
0|002766|20190611|189.28
0|000820|20190611|188.71
1|600586|20190611|188.60
0|300208|20190611|188.02
0|002917|20190611|188.01
0|000040|20190611|187.71
1|600449|20190611|186.91
0|000007|20190611|186.60
0|002285|20190611|186.59
0|000530|20190611|186.57
0|002483|20190611|186.45
1|600657|20190611|186.43
0|002847|20190611|186.27
0|000967|20190611|186.09
0|000059|20190611|185.71
0|002419|20190611|185.62
0|000906|20190611|185.41
1|600618|20190611|185.38
1|603587|20190611|185.30
0|002407|20190611|185.11
1|603579|20190611|184.69
0|300514|20190611|184.05
1|600103|20190611|184.02
0|002294|20190611|183.98
1|601137|20190611|183.90
0|000429|20190611|183.37
0|300677|20190611|183.14
0|300156|20190611|183.00
1|600082|20190611|182.92
1|603127|20190611|182.64
0|300125|20190611|182.61
1|600984|20190611|181.82
0|002818|20190611|181.44
0|300725|20190611|180.83
1|600705|20190611|180.82
1|600129|20190611|180.67
1|603005|20190611|179.50
0|000014|20190611|179.20
0|000570|20190611|178.94
0|300330|20190611|178.67
1|603101|20190611|178.34
0|300755|20190611|178.16
0|300291|20190611|177.02
0|002538|20190611|176.55
0|300700|20190611|176.48
1|601366|20190611|176.03
1|600724|20190611|175.89
1|600575|20190611|175.65
1|600099|20190611|175.36
0|300605|20190611|175.23
1|600396|20190611|174.88
1|601606|20190611|174.10
0|000520|20190611|173.76
0|000402|20190611|173.64
0|002742|20190611|173.55
1|600066|20190611|173.16
0|000532|20190611|171.39
1|603616|20190611|171.30
0|300626|20190611|171.08
0|002352|20190611|169.88
1|600998|20190611|169.82
0|000615|20190611|169.63
1|600548|20190611|169.36
1|600511|20190611|168.59
0|002913|20190611|168.54
1|600550|20190611|168.32
1|603937|20190611|168.30
1|600185|20190611|167.67
0|002139|20190611|167.44
0|300471|20190611|166.55
0|000078|20190611|166.15
0|300673|20190611|165.75
1|600280|20190611|165.51
1|603969|20190611|164.91
0|002925|20190611|164.07
0|002121|20190611|163.95
0|002868|20190611|163.84
0|002391|20190611|163.29
0|300161|20190611|163.03
0|002083|20190611|162.71
1|600101|20190611|162.39
1|603885|20190611|162.10
0|002208|20190611|162.04
1|600380|20190611|162.04
0|002867|20190611|160.21
0|002938|20190611|160.06
0|000606|20190611|159.88
0|002528|20190611|159.61
1|600778|20190611|158.61
1|600633|20190611|158.10
1|600248|20190611|157.99
0|002796|20190611|157.54
0|002397|20190611|157.52
1|600698|20190611|157.19
0|000779|20190611|157.13
0|002614|20190611|156.55
0|000752|20190611|155.99
0|002815|20190611|155.81
0|300601|20190611|155.74
0|300391|20190611|155.28
1|600180|20190611|155.06
0|002551|20190611|155.06
0|002851|20190611|154.63
1|600595|20190611|154.59
0|300609|20190611|154.49
0|002012|20190611|154.02
0|000547|20190611|154.00
1|600242|20190611|153.52
1|603337|20190611|153.45
0|300088|20190611|153.44
0|002102|20190611|153.42
1|600077|20190611|152.99
1|600308|20190611|152.95
1|600486|20190611|151.66
0|000633|20190611|151.62
1|600172|20190611|151.54
0|002484|20190611|151.44
1|600555|20190611|150.74
1|603010|20190611|150.73
0|000659|20190611|150.70
1|600686|20190611|150.51
0|300458|20190611|150.11
0|002759|20190611|149.80
0|000068|20190611|149.14
0|002658|20190611|149.01
0|300731|20190611|148.76
0|002805|20190611|148.22
0|300143|20190611|147.80
0|300346|20190611|147.56
0|002360|20190611|147.56
0|000756|20190611|147.52
0|002532|20190611|147.42
0|300577|20190611|147.16
1|600692|20190611|147.01
0|300118|20190611|146.46
1|600619|20190611|145.75
0|002170|20190611|144.88
0|002143|20190611|144.27
0|002221|20190611|143.69
0|300058|20190611|143.31
0|000985|20190611|143.03
1|600182|20190611|142.53
0|300581|20190611|142.43
1|603015|20190611|142.24
0|000678|20190611|142.02
1|603881|20190611|141.55
1|600860|20190611|141.33
1|600567|20190611|140.68
0|002178|20190611|140.51
0|002037|20190611|139.99
0|000548|20190611|139.82
1|600336|20190611|139.66
0|000572|20190611|139.20
0|002174|20190611|138.69
1|600059|20190611|138.08
1|603638|20190611|137.92
1|600961|20190611|137.92
1|600379|20190611|137.70
0|000400|20190611|137.65
1|600376|20190611|137.41
1|600467|20190611|137.39
1|603515|20190611|137.11
0|000738|20190611|136.99
1|603326|20190611|136.90
1|603300|20190611|136.27
1|600617|20190611|136.10
0|300759|20190611|136.09
0|300074|20190611|135.48
1|600527|20190611|135.43
1|600483|20190611|135.16
0|002642|20190611|135.12
1|600787|20190611|132.75
1|601208|20190611|132.64
1|600200|20190611|132.47
0|300525|20190611|132.46
0|300247|20190611|130.49
0|000573|20190611|130.39
0|300129|20190611|129.93
1|601877|20190611|129.77
1|601179|20190611|129.41
0|002836|20190611|129.33
0|300065|20190611|128.98
0|002625|20190611|128.95
1|600601|20190611|128.94
0|300189|20190611|128.87
0|002438|20190611|128.64
0|000597|20190611|128.39
1|603477|20190611|128.11
0|300779|20190611|127.85
0|000032|20190611|127.37
0|000670|20190611|127.25
1|603938|20190611|126.77
1|600173|20190611|126.49
0|000903|20190611|126.40
0|002153|20190611|126.11
0|002770|20190611|125.78
0|300063|20190611|125.41
0|300756|20190611|125.37
1|600933|20190611|125.18
0|002339|20190611|124.15
0|002599|20190611|123.41
1|603329|20190611|122.97
0|002563|20190611|122.78
1|603767|20190611|122.52
0|300420|20190611|122.34
0|000888|20190611|122.34
1|600143|20190611|122.28
1|603100|20190611|122.23
0|300709|20190611|122.23
1|600215|20190611|121.73
0|000718|20190611|121.36
1|600292|20190611|121.27
0|300082|20190611|121.24
1|600761|20190611|120.89
0|002893|20190611|120.87
0|300162|20190611|120.52
0|300019|20190611|119.78
0|002682|20190611|119.72
0|002712|20190611|119.66
0|002038|20190611|119.64
1|601199|20190611|119.28
1|600962|20190611|119.13
0|002011|20190611|119.02
0|300431|20190611|118.94
0|300757|20190611|118.66
1|600387|20190611|118.54
1|603859|20190611|118.16
0|000595|20190611|118.03
0|000859|20190611|117.99
0|300068|20190611|117.43
1|603368|20190611|117.42
0|002126|20190611|117.38
0|002709|20190611|117.12
0|002301|20190611|116.99
0|300393|20190611|116.97
1|603008|20190611|116.56
0|002688|20190611|115.96
1|600826|20190611|115.91
0|300596|20190611|115.80
0|300440|20190611|115.75
1|603611|20190611|115.64
1|603912|20190611|115.54
1|601222|20190611|115.23
1|600717|20190611|115.18
1|603999|20190611|115.15
1|600122|20190611|115.09
0|300293|20190611|114.88
1|600126|20190611|114.87
1|600676|20190611|114.78
0|000926|20190611|114.51
1|600033|20190611|114.06
1|603129|20190611|113.91
0|002788|20190611|113.82
0|300466|20190611|113.70
1|603918|20190611|113.58
0|002382|20190611|113.29
1|600587|20190611|113.27
1|601158|20190611|113.25
1|603159|20190611|113.20
0|300607|20190611|112.98
0|002072|20190611|112.74
1|600966|20190611|112.63
1|601880|20190611|112.36
1|603766|20190611|112.27
0|300260|20190611|112.17
0|300415|20190611|112.08
0|300249|20190611|111.73
0|300413|20190611|111.41
1|600007|20190611|111.04
1|600499|20190611|110.80
0|000554|20190611|110.70
0|002727|20190611|110.56
0|002225|20190611|110.25
0|300328|20190611|110.07
0|002325|20190611|109.54
0|002031|20190611|109.47
1|601992|20190611|109.45
1|600498|20190611|109.42
0|002365|20190611|109.12
0|300634|20190611|109.05
0|002056|20190611|108.83
0|000868|20190611|108.63
0|002045|20190611|108.44
1|601689|20190611|108.21
1|600191|20190611|107.93
0|002918|20190611|107.87
1|600329|20190611|107.15
1|600793|20190611|107.07
1|600783|20190611|106.96
0|300268|20190611|106.52
0|002326|20190611|106.40
0|300490|20190611|106.28
0|300425|20190611|106.00
0|300710|20190611|105.59
0|300637|20190611|105.49
1|600156|20190611|105.40
1|600726|20190611|105.35
0|002162|20190611|105.25
1|600178|20190611|105.06
0|002536|20190611|104.95
0|002062|20190611|103.76
0|300462|20190611|103.32
1|601595|20190611|103.00
1|600312|20190611|102.92
0|000023|20190611|102.84
1|603690|20190611|102.82
0|300443|20190611|102.17
0|000099|20190611|101.75
0|002498|20190611|101.56
1|600697|20190611|101.25
0|300720|20190611|100.88
0|000006|20190611|100.78
1|601058|20190611|100.48
0|002414|20190611|100.35
0|002501|20190611|100.27
1|600452|20190611|100.22
0|300120|20190611|100.07
0|002560|20190611|99.98
0|002184|20190611|99.45
0|002434|20190611|99.23
1|200429|20190611|98.98
0|002846|20190611|98.97
0|300116|20190611|98.95
1|600539|20190611|98.85
0|300492|20190611|98.74
1|600805|20190611|98.57
0|300485|20190611|98.50
1|603960|20190611|98.22
1|600249|20190611|98.10
1|600202|20190611|97.74
0|300452|20190611|97.57
0|000419|20190611|97.37
1|603365|20190611|97.34
0|002469|20190611|97.30
1|600715|20190611|96.99
0|000027|20190611|96.44
0|002232|20190611|96.08
0|000755|20190611|96.05
0|300220|20190611|95.85
1|601155|20190611|95.80
0|002375|20190611|95.80
1|600594|20190611|95.78
0|002246|20190611|95.53
0|300619|20190611|95.30
0|002141|20190611|95.28
1|603123|20190611|94.63
1|603507|20190611|94.57
1|600326|20190611|94.52
0|300642|20190611|94.23
1|600713|20190611|93.76
0|002608|20190611|93.66
0|000404|20190611|93.59
0|002034|20190611|93.37
0|000534|20190611|93.33
1|600190|20190611|93.21
1|600729|20190611|92.44
0|300135|20190611|92.42
0|300067|20190611|92.34
0|002314|20190611|92.30
0|000153|20190611|92.19
0|000780|20190611|91.66
1|600613|20190611|91.46
0|002513|20190611|91.29
0|002063|20190611|91.13
1|603131|20190611|91.09
0|000707|20190611|90.96
1|603598|20190611|90.92
0|002068|20190611|90.57
0|002351|20190611|90.55
1|600742|20190611|90.51
1|603185|20190611|90.48
1|601311|20190611|90.45
0|300354|20190611|90.36
0|300561|20190611|90.07
0|300221|20190611|89.40
0|002740|20190611|89.10
0|002587|20190611|89.09
1|603192|20190611|88.80
1|603002|20190611|88.65
0|002473|20190611|88.37
0|002154|20190611|88.31
1|603919|20190611|87.71
1|603121|20190611|87.53
1|600386|20190611|87.41
0|300204|20190611|87.17
1|600716|20190611|86.99
1|600863|20190611|86.99
0|002279|20190611|86.80
0|000701|20190611|86.73
0|002686|20190611|86.71
0|000731|20190611|86.58
0|300076|20190611|86.54
0|002678|20190611|86.00
0|000838|20190611|85.66
0|002347|20190611|85.56
1|600901|20190611|85.30
0|300752|20190611|85.27
1|603858|20190611|85.09
0|300094|20190611|85.06
1|603278|20190611|84.98
1|603737|20190611|84.96
0|000545|20190611|84.71
1|603161|20190611|84.60
1|600288|20190611|84.16
1|600475|20190611|83.92
0|000628|20190611|83.65
0|300264|20190611|83.56
0|300719|20190611|83.27
0|300206|20190611|82.85
0|002222|20190611|82.78
0|300762|20190611|82.43
0|002219|20190611|82.10
1|600888|20190611|82.07
0|002109|20190611|81.76
0|002598|20190611|81.69
0|002597|20190611|81.45
1|600929|20190611|81.40
0|002223|20190611|80.97
0|002087|20190611|80.95
0|002009|20190611|80.56
1|603990|20190611|80.40
0|002882|20190611|80.35
0|300234|20190611|80.09
0|002553|20190611|80.00
0|002085|20190611|79.85
0|002544|20190611|79.74
0|002211|20190611|79.74
0|300541|20190611|79.61
1|603536|20190611|79.60
0|002823|20190611|79.25
0|000788|20190611|79.25
1|603456|20190611|79.11
1|603227|20190611|79.11
0|300556|20190611|78.56
0|002577|20190611|78.39
0|000702|20190611|78.27
0|002293|20190611|78.26
0|300453|20190611|78.10
0|300051|20190611|78.07
1|603926|20190611|78.07
0|002669|20190611|78.07
0|300053|20190611|78.03
1|600824|20190611|77.84
0|002613|20190611|77.74
0|300303|20190611|77.72
0|300627|20190611|77.34
1|600666|20190611|77.33
1|603533|20190611|77.14
1|600857|20190611|77.01
0|000987|20190611|76.86
0|002595|20190611|76.57
0|000005|20190611|76.54
0|002576|20190611|76.31
0|002581|20190611|75.86
0|000978|20190611|75.73
1|600727|20190611|74.84
1|600853|20190611|74.73
1|600629|20190611|74.73
0|002494|20190611|74.50
0|000514|20190611|74.45
1|603988|20190611|74.34
1|600135|20190611|74.21
1|603567|20190611|74.14
1|600578|20190611|74.06
1|603826|20190611|74.04
0|300083|20190611|73.84
0|300534|20190611|73.53
1|600569|20190611|73.14
1|603825|20190611|73.08
0|000026|20190611|72.96
1|603339|20190611|72.78
1|603801|20190611|72.66
0|002389|20190611|72.52
0|002929|20190611|72.23
1|603688|20190611|72.21
0|002003|20190611|72.11
0|002112|20190611|71.86
1|600833|20190611|71.48
1|603111|20190611|71.44
1|600693|20190611|71.40
1|600797|20190611|71.36
0|300751|20190611|71.17
1|600611|20190611|71.06
1|600302|20190611|70.71
0|300617|20190611|70.47
1|603980|20190611|69.96
0|300102|20190611|69.59
1|600279|20190611|69.44
0|002749|20190611|69.22
0|002317|20190611|69.20
0|300660|20190611|68.89
0|300717|20190611|68.76
0|300507|20190611|68.31
0|300040|20190611|68.07
1|600526|20190611|67.57
1|603585|20190611|67.55
0|300168|20190611|67.35
1|603876|20190611|67.32
0|000557|20190611|67.17
0|000971|20190611|67.07
0|300163|20190611|67.02
1|600158|20190611|67.02
1|603067|20190611|66.85
0|000561|20190611|66.78
1|603768|20190611|66.35
0|300669|20190611|66.19
1|603798|20190611|66.18
1|600084|20190611|66.07
1|600992|20190611|65.84
0|300126|20190611|65.54
1|603351|20190611|65.48
1|603886|20190611|65.45
0|000737|20190611|65.39
0|002446|20190611|65.34
0|002738|20190611|65.06
0|002288|20190611|64.87
1|600812|20190611|64.84
1|600012|20190611|64.60
0|002147|20190611|64.49
1|603077|20190611|64.02
0|002495|20190611|63.76
1|603269|20190611|63.76
1|600149|20190611|63.38
0|000625|20190611|63.35
1|601966|20190611|62.82
0|002922|20190611|62.46
0|300651|20190611|61.73
0|300416|20190611|61.51
0|002546|20190611|61.49
0|000088|20190611|61.46
1|601177|20190611|61.37
0|000669|20190611|61.36
1|603037|20190611|61.33
0|000020|20190611|61.16
0|000620|20190611|61.10
1|600234|20190611|60.90
0|002461|20190611|60.72
1|600500|20190611|60.64
1|200596|20190611|60.32
1|600995|20190611|60.27
0|002015|20190611|60.26
1|603917|20190611|59.82
0|300753|20190611|59.80
1|603617|20190611|59.68
0|002362|20190611|59.46
1|600589|20190611|59.04
1|600753|20190611|58.91
0|300693|20190611|58.75
0|000885|20190611|58.68
0|000937|20190611|58.63
1|600854|20190611|58.48
0|002004|20190611|58.47
0|300114|20190611|58.22
1|603039|20190611|58.20
1|603636|20190611|58.07
1|600896|20190611|57.63
1|600796|20190611|57.47
1|603629|20190611|57.06
0|002541|20190611|56.92
0|300499|20190611|56.44
0|002884|20190611|56.40
1|600732|20190611|56.34
1|600260|20190611|55.95
0|000925|20190611|55.94
1|601579|20190611|55.78
0|002270|20190611|55.68
0|300005|20190611|55.48
0|300240|20190611|55.38
1|603716|20190611|55.17
1|603066|20190611|55.15
1|600665|20190611|55.07
1|603218|20190611|54.68
1|600054|20190611|54.20
0|000501|20190611|54.20
0|300214|20190611|53.70
0|300300|20190611|53.58
0|300329|20190611|53.41
1|600628|20190611|53.19
0|000835|20190611|53.19
0|000821|20190611|53.11
1|600079|20190611|52.87
0|002066|20190611|52.77
1|600808|20190611|52.63
1|603106|20190611|52.55
0|300682|20190611|52.45
1|200725|20190611|52.22
1|603555|20190611|51.90
1|600836|20190611|51.88
1|600675|20190611|51.86
0|300445|20190611|51.70
1|603811|20190611|51.55
0|300173|20190611|51.38
1|600605|20190611|51.27
0|000526|20190611|51.09
1|600069|20190611|51.08
0|300280|20190611|51.00
1|603223|20190611|51.00
1|603506|20190611|50.81
0|300344|20190611|50.80
0|002099|20190611|50.69
0|002433|20190611|50.66
0|002523|20190611|50.37
0|300257|20190611|49.46
0|002705|20190611|49.27
0|002539|20190611|48.92
0|002671|20190611|48.62
0|002269|20190611|48.61
0|002932|20190611|48.53
0|000616|20190611|48.46
1|600723|20190611|48.41
0|002019|20190611|48.32
1|603518|20190611|48.29
0|002886|20190611|48.13
1|600890|20190611|48.12
1|600318|20190611|48.07
1|600883|20190611|47.67
1|603709|20190611|47.61
0|002799|20190611|47.40
0|002687|20190611|47.37
0|300486|20190611|47.04
0|300185|20190611|47.04
1|600435|20190611|47.03
1|603222|20190611|47.02
1|603908|20190611|46.88
0|002534|20190611|46.63
1|600652|20190611|46.57
0|300690|20190611|46.49
0|000617|20190611|46.43
1|603043|20190611|46.34
0|000533|20190611|46.32
1|603001|20190611|46.29
0|300031|20190611|46.28
1|603177|20190611|46.23
0|002379|20190611|46.22
0|300086|20190611|46.14
0|002336|20190611|46.13
0|300105|20190611|46.00
0|002443|20190611|45.68
0|000759|20190611|45.55
1|603889|20190611|45.13
1|600262|20190611|45.02
0|002779|20190611|44.70
0|300314|20190611|44.65
0|002763|20190611|44.22
0|000797|20190611|44.01
0|300584|20190611|43.95
1|600981|20190611|43.87
0|002165|20190611|43.52
0|000965|20190611|43.28
0|000929|20190611|42.96
1|603603|20190611|42.95
0|002394|20190611|42.68
0|002359|20190611|42.54
0|300712|20190611|42.36
1|601000|20190611|42.30
0|300582|20190611|42.21
0|300585|20190611|42.04
1|600509|20190611|42.00
0|000046|20190611|41.90
0|002053|20190611|41.80
0|002478|20190611|41.80
1|600599|20190611|41.45
1|600784|20190611|41.08
1|603069|20190611|41.07
1|600315|20190611|41.01
1|600246|20190611|40.70
1|603797|20190611|40.62
1|600220|20190611|40.61
0|300654|20190611|40.48
0|300429|20190611|40.14
0|002713|20190611|39.99
1|603258|20190611|39.88
0|002561|20190611|39.83
0|002767|20190611|39.61
0|300664|20190611|39.59
1|603689|20190611|39.53
1|603599|20190611|39.24
1|603385|20190611|38.96
0|002870|20190611|38.71
1|600163|20190611|38.63
0|002646|20190611|38.56
1|601369|20190611|38.43
1|600696|20190611|38.11
1|603105|20190611|38.08
1|603730|20190611|38.03
0|300290|20190611|37.76
0|002459|20190611|37.71
0|300496|20190611|37.69
0|000887|20190611|37.53
0|300412|20190611|37.28
1|603686|20190611|37.17
1|603200|20190611|36.99
0|000782|20190611|36.78
1|600420|20190611|36.74
0|000721|20190611|36.70
0|300569|20190611|36.60
1|603527|20190611|36.59
0|000421|20190611|36.43
1|600148|20190611|36.42
1|600701|20190611|36.37
0|000691|20190611|36.35
0|300442|20190611|35.98
1|600679|20190611|35.92
0|300721|20190611|35.88
0|002795|20190611|35.86
0|002831|20190611|35.82
1|603321|20190611|35.81
0|002774|20190611|35.81
0|300081|20190611|35.69
0|002838|20190611|35.64
0|002046|20190611|35.63
0|002259|20190611|35.61
1|601326|20190611|35.53
0|300535|20190611|35.52
1|600157|20190611|35.51
1|600684|20190611|35.30
1|600018|20190611|34.99
1|600828|20190611|34.97
1|603557|20190611|34.43
1|603903|20190611|34.16
0|000920|20190611|34.12
0|002877|20190611|33.97
1|600070|20190611|33.85
1|603630|20190611|33.82
0|300685|20190611|33.45
1|600976|20190611|33.39
1|600495|20190611|33.01
1|600469|20190611|32.85
1|600714|20190611|32.84
1|600721|20190611|32.84
1|603009|20190611|32.82
1|603721|20190611|32.79
1|601228|20190611|32.58
1|603722|20190611|32.55
1|600051|20190611|32.52
0|000510|20190611|32.48
1|603887|20190611|32.25
1|603286|20190611|32.24
1|603958|20190611|32.08
1|603025|20190611|31.84
0|300403|20190611|31.04
1|601007|20190611|31.01
1|600193|20190611|30.89
1|600565|20190611|30.86
0|300665|20190611|30.85
1|600488|20190611|30.76
0|002900|20190611|30.67
1|601107|20190611|30.61
0|002612|20190611|30.57
1|603773|20190611|30.53
0|002193|20190611|30.39
0|300583|20190611|30.07
1|603116|20190611|30.05
0|000417|20190611|30.03
0|000679|20190611|29.69
1|601518|20190611|29.52
0|300305|20190611|29.45
0|002853|20190611|29.32
0|300599|20190611|29.24
1|603180|20190611|29.21
0|002855|20190611|29.18
0|000692|20190611|28.87
1|603728|20190611|28.39
0|000880|20190611|28.17
0|000030|20190611|28.12
1|603126|20190611|28.11
1|603316|20190611|27.92
0|300177|20190611|27.87
1|600083|20190611|27.81
0|300698|20190611|27.73
0|002069|20190611|27.28
0|300740|20190611|27.18
0|300101|20190611|27.12
0|300652|20190611|26.84
1|600419|20190611|26.82
1|601126|20190611|26.77
0|300115|20190611|26.62
1|603991|20190611|26.55
1|601968|20190611|26.00
0|002649|20190611|25.80
0|300670|20190611|25.79
0|000695|20190611|25.78
0|300689|20190611|25.72
0|300563|20190611|25.65
1|900933|20190611|25.53
1|600841|20190611|25.43
1|603050|20190611|25.27
0|002105|20190611|25.12
1|601127|20190611|24.99
1|600251|20190611|24.81
1|603633|20190611|24.62
0|300111|20190611|24.41
1|600151|20190611|24.31
1|603818|20190611|24.29
0|002472|20190611|24.06
0|002272|20190611|23.98
0|002722|20190611|23.95
1|603869|20190611|23.66
0|002029|20190611|23.35
1|603356|20190611|23.24
0|000626|20190611|23.18
0|002526|20190611|22.98
0|002811|20190611|22.96
0|002899|20190611|22.92
1|603036|20190611|22.91
1|603725|20190611|22.58
0|002743|20190611|22.57
0|002820|20190611|22.49
0|000430|20190611|22.33
1|600862|20190611|22.28
0|000700|20190611|22.26
0|300552|20190611|22.25
0|300192|20190611|22.25
0|002723|20190611|22.16
1|600335|20190611|22.03
1|600229|20190611|22.01
1|603198|20190611|21.97
1|603667|20190611|21.90
0|002264|20190611|21.89
1|900926|20190611|21.76
1|603823|20190611|21.63
0|002856|20190611|21.63
1|603203|20190611|21.60
1|603985|20190611|21.53
0|000757|20190611|21.45
0|300621|20190611|21.25
0|300781|20190611|21.19
0|300392|20190611|21.08
0|002911|20190611|21.04
1|603366|20190611|20.97
1|600493|20190611|20.95
1|603707|20190611|20.93
1|200016|20190611|20.45
1|603199|20190611|20.28
1|603007|20190611|20.28
1|600834|20190611|20.27
0|300494|20190611|20.15
0|300004|20190611|19.97
0|002018|20190611|19.68
0|002408|20190611|19.53
0|002181|20190611|19.22
0|002487|20190611|18.88
1|603416|20190611|18.75
0|002631|20190611|18.48
0|000688|20190611|18.27
0|002802|20190611|18.07
1|603717|20190611|17.96
1|600965|20190611|17.93
0|002291|20190611|17.81
0|002623|20190611|17.80
1|600152|20190611|17.78
1|600538|20190611|17.75
0|002082|20190611|17.72
0|002186|20190611|17.53
1|600210|20190611|17.13
1|603626|20190611|17.10
1|600622|20190611|16.98
1|603955|20190611|16.96
0|300306|20190611|16.96
1|603809|20190611|16.94
1|600241|20190611|16.83
0|002380|20190611|16.82
0|002361|20190611|16.31
0|002921|20190611|16.30
1|600358|20190611|16.23
1|600247|20190611|15.91
1|600091|20190611|15.87
0|300649|20190611|15.81
0|002033|20190611|15.67
0|002187|20190611|15.59
0|000828|20190611|15.57
0|300371|20190611|15.55
1|600378|20190611|15.54
0|300062|20190611|15.46
0|300715|20190611|15.43
1|200168|20190611|15.42
1|600647|20190611|15.32
0|002809|20190611|15.17
1|600608|20190611|15.16
0|002227|20190611|15.12
1|600674|20190611|14.92
1|600827|20190611|14.79
0|002172|20190611|14.71
0|300200|20190611|14.59
0|300465|20190611|14.58
0|300455|20190611|14.45
0|000611|20190611|14.36
1|600807|20190611|14.34
0|002699|20190611|14.28
0|300727|20190611|14.19
1|600814|20190611|13.70
1|600132|20190611|13.63
0|000619|20190611|13.57
0|002748|20190611|13.51
0|000913|20190611|13.48
1|603496|20190611|13.43
0|002931|20190611|13.28
0|300530|20190611|13.16
0|002420|20190611|12.92
0|000601|20190611|12.89
1|603277|20190611|12.70
0|300054|20190611|12.67
0|002896|20190611|12.56
0|002354|20190611|12.33
0|002845|20190611|12.30
0|300385|20190611|12.09
1|600798|20190611|11.87
1|600829|20190611|11.84
1|900948|20190611|11.31
0|002580|20190611|11.15
1|600175|20190611|11.10
1|603229|20190611|10.42
1|603268|20190611|10.35
0|002502|20190611|10.23
0|002827|20190611|10.15
1|603639|20190611|10.10
1|600323|20190611|10.02
1|603685|20190611|9.90
0|300589|20190611|9.69
1|603729|20190611|9.21
0|300692|20190611|9.21
0|002334|20190611|9.12
1|603615|20190611|9.02
1|900902|20190611|8.82
1|600681|20190611|8.59
1|600817|20190611|8.56
0|300432|20190611|8.13
0|002201|20190611|8.13
0|002188|20190611|8.08
1|603569|20190611|8.04
1|603776|20190611|7.93
1|600880|20190611|7.87
1|601991|20190611|7.55
0|300743|20190611|7.51
1|603928|20190611|7.50
0|002516|20190611|7.40
0|300497|20190611|7.14
0|002940|20190611|6.57
0|002850|20190611|6.56
0|000600|20190611|6.45
1|603315|20190611|6.28
0|002122|20190611|6.13
0|300478|20190611|5.96
1|603665|20190611|5.93
1|900905|20190611|5.91
0|300187|20190611|5.74
1|600062|20190611|5.59
1|600685|20190611|5.58
1|603355|20190611|5.50
1|603197|20190611|5.46
0|002248|20190611|5.17
0|300557|20190611|5.02
0|002732|20190611|5.01
0|300610|20190611|4.99
1|603088|20190611|4.87
1|600847|20190611|4.85
0|002875|20190611|4.66
1|900918|20190611|4.45
1|600468|20190611|4.38
0|000042|20190611|4.20
0|000972|20190611|3.90
1|600505|20190611|3.75
0|002741|20190611|3.59
1|603556|20190611|3.32
1|600889|20190611|3.26
1|603196|20190611|3.24
1|900901|20190611|3.19
0|300276|20190611|3.18
0|300363|20190611|3.18
0|000803|20190611|3.10
0|002286|20190611|3.09
0|002873|20190611|3.05
0|000715|20190611|3.05
0|000892|20190611|2.96
1|603060|20190611|2.96
0|002150|20190611|2.81
1|603601|20190611|2.60
1|600712|20190611|2.43
0|002751|20190611|2.40
0|300625|20190611|2.37
1|603311|20190611|2.26
1|900947|20190611|2.15
1|900910|20190611|2.08
0|002096|20190611|2.01
1|600098|20190611|1.95
1|600641|20190611|1.89
1|600328|20190611|1.84
1|600560|20190611|1.80
1|600137|20190611|1.76
0|300650|20190611|1.55
0|300518|20190611|1.52
0|300528|20190611|1.44
0|300447|20190611|1.41
0|000096|20190611|1.40
1|603577|20190611|1.38
1|603179|20190611|1.34
0|000908|20190611|1.05
1|900957|20190611|1.02
1|201872|20190611|1.00
0|300286|20190611|0.97
0|000566|20190611|0.82
1|900908|20190611|0.77
1|603178|20190611|0.64
1|900937|20190611|0.59
1|900917|20190611|0.47
1|900911|20190611|0.46
1|603386|20190611|0.44
1|900941|20190611|0.41
1|200012|20190611|0.37
1|600960|20190611|0.35
1|900919|20190611|0.27
1|603029|20190611|0.25
1|600052|20190611|0.22
1|603898|20190611|0.22
0|300641|20190611|-0.04
0|002039|20190611|-0.06
1|600982|20190611|-0.06
0|002574|20190611|-0.10
0|002349|20190611|-0.11
1|900939|20190611|-0.25
1|600774|20190611|-0.26
0|300096|20190611|-0.26
0|300243|20190611|-0.31
1|603519|20190611|-0.39
0|000952|20190611|-0.42
0|300373|20190611|-0.43
1|200018|20190611|-0.46
1|603059|20190611|-0.58
1|603600|20190611|-0.62
0|002706|20190611|-0.70
0|300295|20190611|-0.71
1|900938|20190611|-0.78
0|002101|20190611|-0.86
0|000638|20190611|-0.92
0|002026|20190611|-1.01
1|603136|20190611|-1.03
1|200160|20190611|-1.19
0|002785|20190611|-1.24
1|900940|20190611|-1.32
0|300483|20190611|-1.35
0|300512|20190611|-1.57
0|300167|20190611|-1.63
0|300769|20190611|-1.64
1|900907|20190611|-1.83
1|603090|20190611|-1.85
1|603063|20190611|-2.11
1|600283|20190611|-2.20
1|600097|20190611|-2.25
0|002634|20190611|-2.30
1|900914|20190611|-2.35
1|900942|20190611|-2.41
1|900912|20190611|-2.42
1|600071|20190611|-2.58
0|300227|20190611|-2.63
1|200026|20190611|-2.67
1|601798|20190611|-2.73
1|603713|20190611|-2.81
1|603866|20190611|-3.10
1|603528|20190611|-3.18
0|002059|20190611|-3.18
0|000524|20190611|-3.35
1|603166|20190611|-3.36
1|603726|20190611|-3.38
0|000905|20190611|-3.40
0|300196|20190611|-3.47
0|002350|20190611|-3.55
1|603328|20190611|-3.74
0|002327|20190611|-3.77
1|603757|20190611|-3.86
0|300294|20190611|-3.97
1|603637|20190611|-4.04
0|300154|20190611|-4.06
0|300153|20190611|-4.08
0|300662|20190611|-4.20
1|600861|20190611|-4.22
1|200037|20190611|-4.28
1|603098|20190611|-4.33
1|603778|20190611|-4.34
1|600816|20190611|-4.48
1|600168|20190611|-4.49
0|300473|20190611|-4.50
0|002200|20190611|-4.64
0|300133|20190611|-4.67
0|300389|20190611|-4.98
0|300238|20190611|-5.03
0|300318|20190611|-5.10
0|300519|20190611|-5.17
1|600481|20190611|-5.19
0|002462|20190611|-5.31
0|002107|20190611|-5.33
0|000150|20190611|-5.41
0|300554|20190611|-5.50
1|600545|20190611|-5.52
0|000798|20190611|-5.65
1|603011|20190611|-5.71
1|603833|20190611|-5.76
1|603016|20190611|-5.91
1|600479|20190611|-6.00
1|600228|20190611|-6.15
1|603041|20190611|-6.19
1|603813|20190611|-6.26
0|002533|20190611|-6.33
0|002879|20190611|-6.33
0|300648|20190611|-6.51
0|300464|20190611|-6.56
1|600688|20190611|-6.61
1|600561|20190611|-6.62
0|002496|20190611|-7.29
0|002346|20190611|-7.33
0|300672|20190611|-7.44
0|300461|20190611|-7.46
1|200045|20190611|-7.70
1|600636|20190611|-7.72
1|600287|20190611|-7.82
0|300439|20190611|-7.92
1|600979|20190611|-8.04
0|002887|20190611|-8.07
0|002390|20190611|-8.12
1|600165|20190611|-8.23
1|600189|20190611|-8.34
0|300155|20190611|-8.45
0|002331|20190611|-8.48
1|600343|20190611|-8.56
0|000591|20190611|-8.66
0|300321|20190611|-8.74
0|002319|20190611|-8.99
0|002490|20190611|-9.02
1|603669|20190611|-9.11
0|002880|20190611|-9.19
0|002864|20190611|-9.19
1|603900|20190611|-9.26
0|002891|20190611|-9.29
0|000605|20190611|-9.42
0|000705|20190611|-9.48
0|002620|20190611|-9.49
0|300258|20190611|-9.74
1|603187|20190611|-9.90
1|603578|20190611|-10.09
1|603331|20190611|-10.12
0|000011|20190611|-10.15
0|002209|20190611|-10.21
0|002829|20190611|-10.21
0|002715|20190611|-10.31
1|600186|20190611|-10.37
0|300106|20190611|-10.41
0|300516|20190611|-10.51
0|002876|20190611|-10.60
0|002543|20190611|-10.60
0|002826|20190611|-10.60
0|002480|20190611|-10.67
0|000900|20190611|-10.68
0|300622|20190611|-10.83
0|300653|20190611|-11.26
0|002787|20190611|-11.35
1|600113|20190611|-11.39
1|600510|20190611|-11.51
0|000411|20190611|-11.65
1|600551|20190611|-11.75
1|600243|20190611|-11.80
0|300629|20190611|-11.89
1|603055|20190611|-11.90
1|603022|20190611|-11.95
0|002666|20190611|-11.97
1|601500|20190611|-12.03
0|002550|20190611|-12.13
1|900925|20190611|-12.18
1|601218|20190611|-12.41
0|002718|20190611|-12.50
0|002482|20190611|-12.51
1|600735|20190611|-12.51
0|300396|20190611|-12.66
0|002364|20190611|-12.90
0|000953|20190611|-12.96
1|600021|20190611|-13.00
0|002338|20190611|-13.06
1|600272|20190611|-13.16
1|200530|20190611|-13.21
1|601882|20190611|-13.47
1|603388|20190611|-13.58
0|002662|20190611|-13.62
0|300022|20190611|-13.62
0|000919|20190611|-13.63
0|002363|20190611|-13.68
0|000790|20190611|-13.79
0|000502|20190611|-13.81
1|603168|20190611|-13.89
1|601567|20190611|-13.90
1|600843|20190611|-14.05
0|300400|20190611|-14.26
0|002647|20190611|-14.29
0|300117|20190611|-14.51
0|300484|20190611|-15.01
0|300624|20190611|-15.12
0|300150|20190611|-15.18
0|002303|20190611|-15.18
0|300337|20190611|-15.20
1|603303|20190611|-15.44
0|300108|20190611|-15.45
0|002835|20190611|-15.51
0|000875|20190611|-15.61
0|002306|20190611|-15.71
0|002416|20190611|-15.98
1|601789|20190611|-16.03
0|002448|20190611|-16.08
0|300765|20190611|-16.25
1|600513|20190611|-16.58
0|300549|20190611|-16.81
1|603396|20190611|-16.86
0|000599|20190611|-17.03
0|002676|20190611|-17.09
0|002935|20190611|-17.23
0|002529|20190611|-17.40
1|601929|20190611|-17.49
1|603608|20190611|-17.84
0|002858|20190611|-17.85
0|300254|20190611|-17.90
0|300270|20190611|-17.91
0|001872|20190611|-17.92
0|002651|20190611|-18.03
1|600397|20190611|-18.08
0|300112|20190611|-18.16
1|603313|20190611|-18.33
0|300218|20190611|-18.34
1|200468|20190611|-18.48
0|002251|20190611|-18.51
0|300550|20190611|-18.51
0|002278|20190611|-18.54
0|300501|20190611|-18.59
0|300521|20190611|-18.98
1|603188|20190611|-19.07
0|002645|20190611|-19.55
1|603663|20190611|-19.61
0|002021|20190611|-19.63
1|603096|20190611|-19.82
0|000663|20190611|-19.93
1|603330|20190611|-20.36
0|300522|20190611|-20.36
0|002857|20190611|-20.39
1|603656|20190611|-20.47
0|002134|20190611|-20.52
0|000893|20190611|-20.55
0|002403|20190611|-20.72
1|200581|20190611|-20.94
0|000711|20190611|-21.10
0|002778|20190611|-21.23
0|002908|20190611|-21.32
1|603605|20190611|-21.68
0|300591|20190611|-21.75
0|002084|20190611|-21.99
1|603607|20190611|-22.04
1|600121|20190611|-22.09
0|300639|20190611|-22.35
0|000809|20190611|-22.54
0|300131|20190611|-22.59
0|002398|20190611|-22.66
0|002693|20190611|-22.73
1|603676|20190611|-22.76
1|603301|20190611|-22.81
1|600310|20190611|-23.05
1|600496|20190611|-23.25
1|600687|20190611|-23.32
1|600661|20190611|-23.38
1|600815|20190611|-23.40
1|600265|20190611|-23.48
0|002791|20190611|-23.49
0|000585|20190611|-23.80
1|603089|20190611|-24.11
0|002289|20190611|-24.20
1|600865|20190611|-24.36
0|300620|20190611|-24.72
0|002890|20190611|-24.76
1|600267|20190611|-24.82
1|603595|20190611|-24.87
0|300411|20190611|-25.13
0|002615|20190611|-25.16
1|600653|20190611|-25.22
0|002895|20190611|-25.28
0|002520|20190611|-25.37
0|002865|20190611|-25.40
0|300052|20190611|-25.45
0|300042|20190611|-25.75
0|002014|20190611|-26.02
1|600903|20190611|-26.17
1|600306|20190611|-26.20
0|002765|20190611|-26.31
1|603963|20190611|-26.51
1|600882|20190611|-26.96
1|603139|20190611|-26.98
0|002790|20190611|-27.29
0|002817|20190611|-27.35
1|900932|20190611|-27.55
0|300281|20190611|-28.11
1|603558|20190611|-28.49
0|002511|20190611|-28.52
1|600650|20190611|-28.58
1|600983|20190611|-28.70
1|600370|20190611|-28.73
0|300491|20190611|-28.77
0|000038|20190611|-28.79
1|603790|20190611|-28.81
0|002752|20190611|-28.90
1|600634|20190611|-29.02
0|000513|20190611|-29.29
1|603500|20190611|-29.33
1|600537|20190611|-29.58
0|002144|20190611|-29.64
1|600478|20190611|-29.70
0|002730|20190611|-29.75
0|300702|20190611|-29.81
0|000897|20190611|-29.97
1|600327|20190611|-30.29
0|000558|20190611|-30.37
1|600090|20190611|-30.46
0|002619|20190611|-30.49
1|603987|20190611|-30.91
0|002825|20190611|-30.93
1|600232|20190611|-30.94
1|600620|20190611|-30.96
1|600792|20190611|-31.11
1|601933|20190611|-31.24
1|603648|20190611|-31.27
0|002728|20190611|-31.30
0|002552|20190611|-31.33
0|300049|20190611|-31.57
0|000898|20190611|-31.61
0|300632|20190611|-31.71
0|300515|20190611|-31.88
1|603038|20190611|-31.90
0|002342|20190611|-32.04
1|600223|20190611|-32.07
0|300199|20190611|-32.08
1|600403|20190611|-32.15
0|002510|20190611|-32.26
1|603819|20190611|-32.27
1|603099|20190611|-32.30
0|300100|20190611|-32.89
0|002806|20190611|-33.13
0|000408|20190611|-33.23
1|600706|20190611|-33.31
1|600423|20190611|-33.74
0|002883|20190611|-33.88
1|600818|20190611|-34.13
1|601996|20190611|-34.17
0|300658|20190611|-34.79
1|603157|20190611|-35.61
1|603214|20190611|-35.82
1|603822|20190611|-36.11
0|300410|20190611|-36.22
1|600573|20190611|-36.32
0|000553|20190611|-36.48
0|300141|20190611|-36.63
1|603680|20190611|-37.09
0|300248|20190611|-37.10
1|601019|20190611|-37.25
1|603309|20190611|-37.34
0|300334|20190611|-37.40
0|300230|20190611|-37.77
0|000662|20190611|-37.78
0|300667|20190611|-38.18
1|600209|20190611|-38.24
0|002901|20190611|-38.33
0|300645|20190611|-38.59
0|002672|20190611|-38.87
0|002255|20190611|-39.23
0|002135|20190611|-39.46
1|600891|20190611|-39.69
0|002758|20190611|-40.12
0|300179|20190611|-40.22
1|600363|20190611|-40.37
0|300616|20190611|-40.53
0|000949|20190611|-40.64
1|600299|20190611|-41.15
0|002348|20190611|-41.31
0|300250|20190611|-41.79
0|300262|20190611|-41.94
1|603566|20190611|-42.07
1|603208|20190611|-42.27
1|603488|20190611|-42.32
0|300489|20190611|-42.34
0|002295|20190611|-42.41
0|300505|20190611|-42.92
1|600558|20190611|-42.93
0|002337|20190611|-43.01
1|603879|20190611|-43.07
1|600746|20190611|-43.70
1|603021|20190611|-43.95
1|601558|20190611|-44.12
1|603033|20190611|-44.16
0|002692|20190611|-44.19
0|300215|20190611|-44.20
0|002903|20190611|-44.23
0|300436|20190611|-44.38
1|600421|20190611|-44.40
0|300382|20190611|-44.46
0|300701|20190611|-44.47
0|002674|20190611|-44.57
1|600290|20190611|-44.75
0|002819|20190611|-44.79
1|600939|20190611|-44.97
0|300758|20190611|-44.97
1|603332|20190611|-45.04
1|600616|20190611|-45.04
0|002889|20190611|-45.29
0|002437|20190611|-45.59
0|002707|20190611|-46.21
1|600791|20190611|-46.24
1|600765|20190611|-46.26
1|603758|20190611|-46.47
0|300428|20190611|-46.73
0|300722|20190611|-46.77
1|601928|20190611|-46.95
0|002862|20190611|-47.71
0|000687|20190611|-48.36
1|603517|20190611|-48.40
0|300572|20190611|-48.61
1|600719|20190611|-48.96
1|603580|20190611|-49.07
1|603661|20190611|-49.39
0|300608|20190611|-49.40
0|300733|20190611|-49.41
0|300533|20190611|-49.43
1|601599|20190611|-49.51
1|603023|20190611|-50.10
1|600749|20190611|-50.14
1|603319|20190611|-50.26
1|600898|20190611|-50.32
0|000950|20190611|-50.33
0|300705|20190611|-50.91
1|603871|20190611|-50.92
0|002452|20190611|-51.02
0|300336|20190611|-51.06
1|600764|20190611|-51.13
1|600743|20190611|-51.16
0|300320|20190611|-51.17
1|603880|20190611|-51.20
1|600289|20190611|-51.26
0|300613|20190611|-52.07
0|002660|20190611|-52.77
1|603138|20190611|-53.16
1|600401|20190611|-53.45
0|300761|20190611|-53.65
1|600233|20190611|-54.10
1|600821|20190611|-54.11
0|300350|20190611|-54.24
0|300529|20190611|-54.26
1|603226|20190611|-54.56
1|600978|20190611|-54.81
1|603855|20190611|-54.96
1|200771|20190611|-55.23
0|000899|20190611|-55.38
1|603897|20190611|-55.46
1|600506|20190611|-55.66
0|002207|20190611|-55.85
0|002190|20190611|-55.88
1|603998|20190611|-55.91
0|300736|20190611|-55.91
0|300434|20190611|-56.23
1|603080|20190611|-56.33
0|000889|20190611|-56.52
0|300182|20190611|-56.64
1|603076|20190611|-56.68
1|600638|20190611|-56.88
0|002735|20190611|-57.60
0|000543|20190611|-57.94
1|603703|20190611|-58.11
0|002808|20190611|-58.26
0|002265|20190611|-58.34
0|000551|20190611|-58.35
1|603167|20190611|-58.70
0|300647|20190611|-58.96
1|600416|20190611|-59.04
0|000422|20190611|-59.36
0|300745|20190611|-59.80
1|600321|20190611|-59.89
0|300606|20190611|-60.21
1|600385|20190611|-60.24
1|600348|20190611|-60.65
1|600381|20190611|-60.65
1|603657|20190611|-60.89
1|600159|20190611|-61.23
1|603306|20190611|-61.33
0|002800|20190611|-61.45
0|002284|20190611|-61.60
0|002755|20190611|-61.77
0|002205|20190611|-61.83
0|002275|20190611|-62.04
0|002309|20190611|-62.12
0|002606|20190611|-62.18
0|002454|20190611|-62.81
0|002133|20190611|-62.97
0|300558|20190611|-63.54
1|603997|20190611|-63.60
0|002393|20190611|-63.84
0|002696|20190611|-64.11
0|300729|20190611|-64.16
0|002689|20190611|-64.38
1|600671|20190611|-64.59
1|603056|20190611|-64.84
1|603788|20190611|-65.38
0|000403|20190611|-66.41
1|600355|20190611|-66.61
1|603040|20190611|-66.64
1|603083|20190611|-66.85
0|300335|20190611|-66.99
0|000544|20190611|-67.05
1|600372|20190611|-67.17
0|300061|20190611|-67.84
1|601616|20190611|-67.87
0|002527|20190611|-67.94
1|600203|20190611|-68.03
0|300716|20190611|-68.81
0|300460|20190611|-68.85
0|300551|20190611|-68.91
0|002729|20190611|-69.00
1|600211|20190611|-69.22
0|002627|20190611|-69.58
0|300080|20190611|-69.72
1|600985|20190611|-69.81
1|600767|20190611|-70.15
1|603706|20190611|-70.72
0|300219|20190611|-70.87
1|603225|20190611|-70.96
1|600725|20190611|-71.12
0|002562|20190611|-71.15
1|603013|20190611|-71.71
0|002801|20190611|-71.95
1|600881|20190611|-72.23
0|002863|20190611|-72.48
0|300417|20190611|-72.70
0|002060|20190611|-72.87
1|601328|20190611|-72.94
0|002343|20190611|-73.09
1|600257|20190611|-73.11
0|300121|20190611|-73.41
1|603989|20190611|-73.81
0|300007|20190611|-74.02
0|000004|20190611|-74.08
0|002691|20190611|-74.10
1|600654|20190611|-74.14
0|002793|20190611|-74.15
1|600361|20190611|-74.23
1|603378|20190611|-74.38
0|002575|20190611|-74.41
0|002071|20190611|-74.42
0|300735|20190611|-75.13
0|002499|20190611|-75.15
1|603681|20190611|-75.74
0|002086|20190611|-75.86
1|600718|20190611|-75.98
1|600462|20190611|-76.68
0|002907|20190611|-76.83
0|300107|20190611|-77.08
1|600556|20190611|-77.30
0|002283|20190611|-77.55
0|300566|20190611|-77.97
1|600973|20190611|-78.22
0|300092|20190611|-78.35
0|002213|20190611|-79.02
1|600508|20190611|-79.59
0|300426|20190611|-79.60
0|002164|20190611|-79.70
0|300301|20190611|-80.03
1|601021|20190611|-80.74
0|300718|20190611|-80.91
1|603068|20190611|-80.91
0|002616|20190611|-80.92
0|300517|20190611|-81.14
0|300023|20190611|-81.22
0|002330|20190611|-81.49
0|002388|20190611|-82.02
0|000016|20190611|-82.28
0|300277|20190611|-82.32
1|603058|20190611|-82.77
0|002253|20190611|-82.80
0|002947|20190611|-83.03
0|300057|20190611|-83.12
0|002579|20190611|-83.30
0|002451|20190611|-83.47
1|600237|20190611|-83.69
0|002282|20190611|-83.82
0|000613|20190611|-83.92
1|603779|20190611|-84.03
1|603708|20190611|-85.56
0|300388|20190611|-85.56
0|000017|20190611|-85.92
1|603079|20190611|-86.05
1|600967|20190611|-86.55
0|002734|20190611|-86.72
0|300151|20190611|-86.83
1|601368|20190611|-87.11
0|002256|20190611|-87.54
0|000158|20190611|-87.63
0|300015|20190611|-87.65
1|600768|20190611|-87.66
0|002103|20190611|-88.19
0|000668|20190611|-88.26
0|002028|20190611|-88.77
1|603895|20190611|-88.94
1|603800|20190611|-88.99
0|300358|20190611|-89.19
0|300679|20190611|-89.91
0|300353|20190611|-89.96
1|600107|20190611|-90.06
1|600520|20190611|-90.33
0|002803|20190611|-91.17
0|300242|20190611|-91.17
0|000546|20190611|-91.40
1|600655|20190611|-91.45
1|603486|20190611|-91.58
0|002861|20190611|-91.68
1|600609|20190611|-91.78
0|000536|20190611|-92.20
0|300503|20190611|-92.39
0|000922|20190611|-92.68
1|600593|20190611|-93.21
1|603031|20190611|-93.29
1|601666|20190611|-94.06
1|600429|20190611|-94.82
0|002684|20190611|-95.25
1|603896|20190611|-96.01
1|600894|20190611|-96.16
0|300180|20190611|-96.30
1|603398|20190611|-96.37
0|002261|20190611|-96.86
0|002542|20190611|-97.51
1|600658|20190611|-97.58
0|300397|20190611|-98.05
0|002824|20190611|-98.81
1|600986|20190611|-98.98
1|603877|20190611|-100.19
0|300259|20190611|-100.34
0|002136|20190611|-100.44
0|002593|20190611|-100.57
1|601200|20190611|-101.43
0|300191|20190611|-101.49
0|002629|20190611|-102.03
1|600252|20190611|-102.14
1|603298|20190611|-102.28
0|300683|20190611|-102.34
1|603233|20190611|-102.93
0|002409|20190611|-103.14
1|603538|20190611|-103.32
0|002333|20190611|-104.03
0|002524|20190611|-104.04
0|000837|20190611|-104.05
0|002196|20190611|-104.09
0|002163|20190611|-104.31
1|603380|20190611|-104.55
1|603586|20190611|-105.34
0|002621|20190611|-105.47
1|600769|20190611|-105.83
0|002486|20190611|-105.98
0|002719|20190611|-106.14
0|002605|20190611|-106.38
0|300269|20190611|-106.39
1|600433|20190611|-107.12
0|300071|20190611|-108.46
0|002312|20190611|-109.10
1|600543|20190611|-110.02
0|300138|20190611|-110.68
0|002120|20190611|-110.68
1|601801|20190611|-111.32
0|002324|20190611|-112.65
1|603035|20190611|-112.73
0|002504|20190611|-113.10
1|603181|20190611|-114.04
1|600876|20190611|-114.48
0|002058|20190611|-114.52
0|000518|20190611|-114.93
1|600278|20190611|-115.06
0|300586|20190611|-115.09
0|300032|20190611|-115.30
1|600317|20190611|-115.54
1|600303|20190611|-115.68
1|600987|20190611|-115.74
0|300441|20190611|-115.80
0|300424|20190611|-116.86
0|300345|20190611|-117.26
0|000058|20190611|-117.38
1|600871|20190611|-117.46
1|600350|20190611|-118.50
1|600773|20190611|-118.62
0|300342|20190611|-119.01
1|603081|20190611|-119.08
1|600284|20190611|-119.43
0|300697|20190611|-119.49
1|601231|20190611|-120.34
1|600754|20190611|-121.74
0|002700|20190611|-122.64
0|300317|20190611|-122.76
1|600179|20190611|-123.75
1|601677|20190611|-124.28
0|300539|20190611|-125.04
1|600501|20190611|-125.08
0|002833|20190611|-125.18
1|603596|20190611|-125.69
1|603810|20190611|-125.71
0|300570|20190611|-125.92
1|600128|20190611|-125.97
0|300376|20190611|-126.17
1|600240|20190611|-126.72
1|600858|20190611|-127.20
1|600623|20190611|-127.29
0|300093|20190611|-127.47
1|600333|20190611|-127.97
1|600884|20190611|-128.00
0|300590|20190611|-128.40
1|601016|20190611|-129.04
1|603393|20190611|-129.68
1|603677|20190611|-129.93
0|300244|20190611|-130.22
1|600521|20190611|-130.51
1|600877|20190611|-131.46
0|300282|20190611|-132.66
1|601086|20190611|-132.94
0|300381|20190611|-133.87
0|300437|20190611|-134.01
0|002521|20190611|-134.24
1|603901|20190611|-134.54
1|603590|20190611|-134.76
0|002762|20190611|-134.79
0|002654|20190611|-134.84
0|002789|20190611|-135.04
0|002769|20190611|-135.40
0|002588|20190611|-135.95
0|000409|20190611|-136.01
0|000559|20190611|-136.46
1|600166|20190611|-137.75
1|200625|20190611|-138.62
0|002840|20190611|-139.12
0|300069|20190611|-139.19
0|002313|20190611|-139.59
1|601799|20190611|-140.08
1|601811|20190611|-140.25
1|600662|20190611|-140.65
0|002659|20190611|-141.13
1|603868|20190611|-141.36
1|603612|20190611|-141.42
1|600683|20190611|-141.97
1|600184|20190611|-142.15
1|600892|20190611|-142.63
0|300730|20190611|-142.89
1|600651|20190611|-143.37
0|000948|20190611|-143.64
0|300644|20190611|-144.32
1|600307|20190611|-144.38
0|300030|20190611|-144.87
0|002859|20190611|-144.99
0|300351|20190611|-145.60
0|000719|20190611|-145.83
1|601339|20190611|-145.97
1|603878|20190611|-146.00
0|002006|20190611|-146.85
1|600969|20190611|-147.44
0|002786|20190611|-147.95
1|603838|20190611|-148.57
0|000829|20190611|-149.15
0|002602|20190611|-149.47
0|000541|20190611|-149.52
0|300275|20190611|-149.54
1|603358|20190611|-149.92
1|600017|20190611|-151.71
0|000504|20190611|-151.72
0|002797|20190611|-151.78
1|603808|20190611|-153.33
0|002849|20190611|-153.39
0|000890|20190611|-153.80
0|300002|20190611|-154.10
0|300202|20190611|-154.23
1|603499|20190611|-154.57
0|300640|20190611|-155.07
1|600461|20190611|-155.18
0|002159|20190611|-155.28
1|600744|20190611|-155.47
0|300406|20190611|-158.88
0|300636|20190611|-158.90
0|002775|20190611|-158.91
0|300446|20190611|-159.67
1|600400|20190611|-160.20
0|002173|20190611|-161.13
0|000608|20190611|-161.42
1|603922|20190611|-161.45
1|601808|20190611|-161.96
1|600399|20190611|-163.12
1|600606|20190611|-163.41
1|600319|20190611|-163.95
0|002559|20190611|-164.42
0|002878|20190611|-164.79
0|300195|20190611|-165.11
1|601958|20190611|-165.82
0|300047|20190611|-168.47
1|603848|20190611|-168.72
0|300542|20190611|-168.76
1|600261|20190611|-169.10
1|603968|20190611|-169.39
0|300421|20190611|-170.08
0|000982|20190611|-170.25
0|300438|20190611|-170.87
0|002756|20190611|-171.82
1|603659|20190611|-172.02
0|300449|20190611|-172.57
1|600170|20190611|-173.16
1|603816|20190611|-173.55
0|002573|20190611|-173.90
0|002329|20190611|-174.24
0|002698|20190611|-175.72
1|600502|20190611|-176.27
0|002374|20190611|-176.67
0|300656|20190611|-177.05
0|000819|20190611|-177.75
0|000622|20190611|-177.91
0|300587|20190611|-177.93
0|002287|20190611|-178.29
0|300359|20190611|-179.25
0|300509|20190611|-179.90
0|002810|20190611|-180.21
0|002848|20190611|-180.45
0|002694|20190611|-181.46
1|600076|20190611|-181.70
1|600125|20190611|-181.90
0|300178|20190611|-182.50
1|600388|20190611|-183.79
1|600389|20190611|-183.86
0|000550|20190611|-183.88
1|600515|20190611|-184.36
0|300084|20190611|-184.44
0|300419|20190611|-185.61
0|300045|20190611|-185.67
1|603322|20190611|-185.75
1|600455|20190611|-185.83
0|300027|20190611|-186.00
1|601699|20190611|-187.19
1|600139|20190611|-188.54
0|002376|20190611|-190.03
1|600375|20190611|-190.16
0|300468|20190611|-190.82
0|002923|20190611|-190.82
0|002661|20190611|-191.75
0|300056|20190611|-192.50
1|600141|20190611|-192.99
0|002210|20190611|-193.93
0|000428|20190611|-194.72
0|300520|20190611|-194.89
1|603683|20190611|-196.13
0|300742|20190611|-197.80
0|300172|20190611|-199.21
0|002404|20190611|-199.85
1|600733|20190611|-200.52
0|000883|20190611|-200.54
1|603165|20190611|-200.64
1|603583|20190611|-201.53
1|600305|20190611|-202.25
0|300265|20190611|-203.60
1|601888|20190611|-206.06
0|000045|20190611|-206.72
1|603817|20190611|-206.75
0|300261|20190611|-207.66
0|002816|20190611|-207.68
0|002943|20190611|-207.94
0|002644|20190611|-208.04
0|300097|20190611|-208.78
0|002591|20190611|-209.17
0|002228|20190611|-209.44
1|600872|20190611|-211.86
0|000043|20190611|-212.65
0|300349|20190611|-212.72
1|600448|20190611|-214.92
0|300488|20190611|-214.97
1|603160|20190611|-217.29
1|600603|20190611|-219.89
0|002652|20190611|-220.86
0|300678|20190611|-223.08
0|002792|20190611|-223.71
0|300050|20190611|-223.83
1|600238|20190611|-224.50
1|600293|20190611|-224.58
0|300313|20190611|-225.08
1|601857|20190611|-225.98
0|000301|20190611|-226.28
0|300708|20190611|-226.79
0|300288|20190611|-227.02
1|603028|20190611|-229.01
1|600239|20190611|-230.32
0|300502|20190611|-233.97
0|002721|20190611|-235.27
0|300008|20190611|-235.70
0|000726|20190611|-236.46
0|000010|20190611|-237.12
0|300255|20190611|-239.04
0|300109|20190611|-240.57
0|002638|20190611|-240.98
1|600282|20190611|-241.13
1|603839|20190611|-241.21
0|002655|20190611|-241.34
0|000525|20190611|-241.76
1|603228|20190611|-242.44
1|603829|20190611|-243.24
1|603806|20190611|-243.81
0|300026|20190611|-245.04
1|600061|20190611|-246.32
1|601717|20190611|-246.55
1|600640|20190611|-246.57
0|002773|20190611|-248.21
0|000661|20190611|-249.40
0|300132|20190611|-250.19
0|002578|20190611|-253.81
0|000037|20190611|-254.11
1|603933|20190611|-254.65
0|002590|20190611|-254.77
0|000632|20190611|-255.52
1|603030|20190611|-255.64
0|300332|20190611|-255.83
1|603338|20190611|-256.50
1|600207|20190611|-257.27
0|300738|20190611|-258.00
0|002624|20190611|-258.70
0|002195|20190611|-258.94
1|603158|20190611|-259.94
1|603003|20190611|-261.74
0|002023|20190611|-262.06
1|601898|20190611|-262.47
0|300241|20190611|-263.26
1|603909|20190611|-264.79
0|002584|20190611|-265.11
0|300159|20190611|-268.19
1|601298|20190611|-272.86
0|002128|20190611|-274.39
0|002399|20190611|-275.55
0|002425|20190611|-276.04
0|002485|20190611|-276.22
1|603267|20190611|-276.58
0|300459|20190611|-277.53
1|600738|20190611|-278.05
0|000607|20190611|-279.56
1|601163|20190611|-281.01
1|601989|20190611|-281.51
0|000056|20190611|-282.19
0|002703|20190611|-283.23
0|000785|20190611|-286.95
1|600644|20190611|-287.19
1|603939|20190611|-287.30
1|600222|20190611|-287.31
0|002299|20190611|-287.35
1|600275|20190611|-289.23
0|300686|20190611|-293.45
1|600000|20190611|-293.80
1|603739|20190611|-294.09
0|002235|20190611|-294.17
1|600055|20190611|-295.31
0|000637|20190611|-296.66
0|002492|20190611|-297.63
1|600089|20190611|-298.97
0|300246|20190611|-300.47
0|300476|20190611|-302.42
0|002179|20190611|-304.87
0|002468|20190611|-305.75
1|600297|20190611|-306.50
0|002229|20190611|-307.11
0|000683|20190611|-307.39
1|600691|20190611|-307.70
1|603920|20190611|-309.34
0|300087|20190611|-310.00
0|300593|20190611|-317.49
0|000540|20190611|-317.95
0|300380|20190611|-318.29
0|300175|20190611|-318.84
0|002837|20190611|-320.53
1|601900|20190611|-323.06
1|603289|20190611|-323.31
0|000667|20190611|-325.71
0|300543|20190611|-326.14
0|300341|20190611|-329.78
0|300165|20190611|-330.48
1|603727|20190611|-331.38
1|600917|20190611|-332.69
1|603976|20190611|-333.40
1|603318|20190611|-333.90
1|600035|20190611|-334.76
1|601117|20190611|-335.72
1|603696|20190611|-336.94
0|300024|20190611|-337.13
0|300546|20190611|-338.28
0|300510|20190611|-340.30
0|002476|20190611|-342.09
0|002281|20190611|-345.30
0|000576|20190611|-348.01
0|300671|20190611|-350.96
1|603006|20190611|-351.20
1|600116|20190611|-351.30
0|300481|20190611|-357.07
0|002942|20190611|-357.10
0|002515|20190611|-358.14
0|300633|20190611|-363.39
0|002812|20190611|-363.59
0|000156|20190611|-364.96
1|600936|20190611|-370.69
0|000410|20190611|-373.57
0|002549|20190611|-375.70
0|000034|20190611|-376.63
0|300537|20190611|-379.75
0|002442|20190611|-380.27
1|603619|20190611|-381.74
1|603787|20190611|-383.12
1|603679|20190611|-383.24
1|601727|20190611|-384.38
1|600908|20190611|-384.80
0|300681|20190611|-385.92
1|600138|20190611|-386.69
1|600804|20190611|-390.52
0|002231|20190611|-391.52
0|002776|20190611|-399.16
0|300513|20190611|-402.76
1|600225|20190611|-402.83
1|600959|20190611|-403.14
0|002761|20190611|-405.73
1|600518|20190611|-406.44
0|300252|20190611|-407.18
0|002479|20190611|-408.69
0|300144|20190611|-412.00
1|600022|20190611|-413.42
1|601515|20190611|-414.14
0|000921|20190611|-416.56
0|002250|20190611|-420.11
1|600112|20190611|-421.35
1|600269|20190611|-422.51
0|002387|20190611|-424.35
0|300482|20190611|-425.26
1|600999|20190611|-428.52
0|002212|20190611|-428.70
1|601901|20190611|-432.80
0|000863|20190611|-434.03
0|000690|20190611|-442.72
0|000836|20190611|-443.01
1|601229|20190611|-444.20
1|600026|20190611|-444.70
0|300203|20190611|-447.59
1|603602|20190611|-448.05
1|601998|20190611|-448.29
0|002400|20190611|-452.01
0|300237|20190611|-455.89
0|300580|20190611|-458.34
0|002316|20190611|-458.47
1|603118|20190611|-461.51
0|002558|20190611|-463.78
1|600011|20190611|-471.02
0|300110|20190611|-476.10
0|300508|20190611|-484.84
0|000593|20190611|-487.01
0|002242|20190611|-488.76
0|300136|20190611|-488.78
0|300536|20190611|-489.41
0|300598|20190611|-492.33
1|603444|20190611|-492.79
0|002667|20190611|-494.15
0|300283|20190611|-499.89
0|300418|20190611|-508.55
1|600094|20190611|-509.70
1|603156|20190611|-514.15
0|300493|20190611|-517.83
0|002464|20190611|-518.61
0|300387|20190611|-519.27
1|600747|20190611|-520.15
1|603335|20190611|-521.09
1|601258|20190611|-523.62
0|300487|20190611|-526.14
1|600236|20190611|-537.48
0|002322|20190611|-543.86
1|600354|20190611|-548.40
0|000961|20190611|-552.49
1|601869|20190611|-553.07
1|603712|20190611|-554.84
0|002418|20190611|-557.99
0|001979|20190611|-561.37
0|000603|20190611|-562.00
1|600346|20190611|-565.10
0|002566|20190611|-566.25
0|000598|20190611|-566.30
1|600745|20190611|-566.90
1|601009|20190611|-568.66
0|000538|20190611|-577.92
0|002557|20190611|-588.61
1|600648|20190611|-592.56
0|300414|20190611|-596.22
0|300394|20190611|-602.57
0|300041|20190611|-602.91
1|600221|20190611|-607.32
0|300661|20190611|-611.33
0|002116|20190611|-615.20
0|002238|20190611|-616.64
0|300128|20190611|-625.14
1|601005|20190611|-625.38
1|603668|20190611|-626.84
0|002020|20190611|-634.08
0|300772|20190611|-634.90
1|600771|20190611|-640.30
0|300770|20190611|-644.37
0|002489|20190611|-645.39
1|600996|20190611|-651.53
1|600795|20190611|-656.36
1|600271|20190611|-656.63
0|300278|20190611|-658.26
0|002665|20190611|-661.27
0|002491|20190611|-667.72
1|600781|20190611|-669.99
1|600351|20190611|-678.62
1|600460|20190611|-678.73
1|603348|20190611|-682.88
0|300205|20190611|-683.76
0|300467|20190611|-689.29
0|002953|20190611|-691.99
0|300578|20190611|-701.57
0|002140|20190611|-704.60
1|600839|20190611|-707.75
0|002711|20190611|-711.30
0|000999|20190611|-713.74
1|601566|20190611|-716.97
0|300012|20190611|-721.41
1|603711|20190611|-723.45
0|300048|20190611|-729.81
1|600516|20190611|-734.02
1|601985|20190611|-735.00
0|300134|20190611|-738.89
1|600231|20190611|-741.37
0|300687|20190611|-742.98
0|000060|20190611|-745.50
0|002458|20190611|-746.28
1|600476|20190611|-748.73
0|000028|20190611|-754.85
0|000589|20190611|-755.73
1|600766|20190611|-758.44
0|002175|20190611|-758.66
0|002192|20190611|-767.42
0|300279|20190611|-767.48
0|002782|20190611|-771.90
1|603389|20190611|-772.51
1|603738|20190611|-774.83
1|600577|20190611|-781.26
1|603618|20190611|-786.93
0|002697|20190611|-787.18
0|300657|20190611|-792.55
0|300297|20190611|-797.63
0|002422|20190611|-804.68
0|300013|20190611|-813.62
0|002008|20190611|-815.33
1|600557|20190611|-817.19
1|600277|20190611|-824.23
1|600497|20190611|-825.88
0|300532|20190611|-830.01
1|600673|20190611|-831.12
1|600480|20190611|-843.14
0|300098|20190611|-867.73
0|300073|20190611|-870.66
0|300130|20190611|-873.50
1|601069|20190611|-891.51
0|002377|20190611|-903.35
0|300707|20190611|-904.48
0|002199|20190611|-909.98
0|300480|20190611|-932.24
0|300768|20190611|-933.59
0|002640|20190611|-949.21
1|600782|20190611|-950.52
1|600050|20190611|-971.18
0|300684|20190611|-973.00
0|300547|20190611|-982.43
1|600802|20190611|-984.66
0|300079|20190611|-998.19
1|600525|20190611|-1005.56
0|002843|20190611|-1010.92
1|603559|20190611|-1022.78
0|002881|20190611|-1035.17
0|300405|20190611|-1037.24
1|603045|20190611|-1040.31
0|300576|20190611|-1042.19
1|600115|20190611|-1042.38
0|002185|20190611|-1047.94
0|300597|20190611|-1063.33
0|300274|20190611|-1067.65
0|300174|20190611|-1068.82
0|002841|20190611|-1070.09
0|002897|20190611|-1075.70
0|300085|20190611|-1076.27
0|300018|20190611|-1077.23
1|600568|20190611|-1136.81
0|002650|20190611|-1141.65
1|600146|20190611|-1142.96
1|600339|20190611|-1177.52
0|002328|20190611|-1182.73
1|600177|20190611|-1202.11
1|600313|20190611|-1212.64
1|603042|20190611|-1213.16
1|600085|20190611|-1213.77
0|002077|20190611|-1223.56
0|300152|20190611|-1231.56
0|300760|20190611|-1233.05
1|601838|20190611|-1259.22
0|300366|20190611|-1265.01
0|002079|20190611|-1293.24
1|603803|20190611|-1297.97
1|600195|20190611|-1337.21
0|002412|20190611|-1341.54
1|600219|20190611|-1345.69
0|300009|20190611|-1377.42
0|300370|20190611|-1387.13
0|002104|20190611|-1413.48
1|600775|20190611|-1440.86
0|300711|20190611|-1500.62
0|002506|20190611|-1502.61
0|300322|20190611|-1510.54
0|002417|20190611|-1549.26
0|002731|20190611|-1593.66
0|000839|20190611|-1617.13
0|300325|20190611|-1627.26
0|002772|20190611|-1673.28
0|002169|20190611|-1687.00
0|300565|20190611|-1697.37
1|600153|20190611|-1699.83
0|000970|20190611|-1700.71
1|600856|20190611|-1721.52
1|603110|20190611|-1746.10
1|601012|20190611|-1746.39
1|600572|20190611|-1807.44
0|002725|20190611|-1810.79
1|601028|20190611|-1909.59
0|002617|20190611|-1947.42
0|300343|20190611|-1995.78
0|002194|20190611|-2000.97
0|300375|20190611|-2018.81
0|002161|20190611|-2058.85
1|600702|20190611|-2076.32
0|300209|20190611|-2104.45
0|300001|20190611|-2112.56
0|002098|20190611|-2162.28
1|600598|20190611|-2175.35
0|000586|20190611|-2200.12
1|600831|20190611|-2225.06
1|601555|20190611|-2281.96
0|002885|20190611|-2300.23
0|300312|20190611|-2349.91
1|600446|20190611|-2358.55
0|300739|20190611|-2397.51
1|600048|20190611|-2405.74
1|600503|20190611|-2411.78
1|600988|20190611|-2443.22
0|002057|20190611|-2459.21
0|002905|20190611|-2486.22
0|000426|20190611|-2504.66
0|002909|20190611|-2577.77
1|600900|20190611|-2586.14
1|600183|20190611|-2661.78
1|601169|20190611|-2718.09
1|600770|20190611|-2758.14
0|000657|20190611|-2816.15
1|600682|20190611|-2846.24
1|600489|20190611|-2943.03
1|603327|20190611|-3004.28
0|300603|20190611|-3042.41
0|300602|20190611|-3089.33
1|603320|20190611|-3109.60
0|002074|20190611|-3175.73
0|000975|20190611|-3286.91
1|603288|20190611|-3353.37
1|601138|20190611|-3366.50
1|601952|20190611|-3404.68
1|600298|20190611|-3450.72
0|002679|20190611|-3489.86
1|601398|20190611|-3500.69
0|002701|20190611|-3576.71
0|002115|20190611|-3589.89
0|002813|20190611|-3702.72
0|300292|20190611|-3840.38
1|603085|20190611|-3885.47
0|002547|20190611|-4043.24
0|002828|20190611|-4382.85
0|002237|20190611|-4399.62
1|600536|20190611|-4489.22
0|300362|20190611|-4635.71
0|002119|20190611|-4657.42
0|300726|20190611|-4775.32
0|300430|20190611|-4804.54
0|002463|20190611|-4809.99
1|603317|20190611|-5070.73
1|603266|20190611|-5508.76
1|600410|20190611|-5575.48
1|600585|20190611|-6080.77
1|600547|20190611|-6363.02
0|000651|20190611|-6490.56
1|600580|20190611|-6653.37
1|601330|20190611|-6776.44
1|600338|20190611|-7163.06
1|600531|20190611|-7194.11
0|002436|20190611|-8009.50
0|300184|20190611|-8208.56
1|600371|20190611|-8371.13
0|300352|20190611|-9057.51
0|300750|20190611|-9192.00
0|002093|20190611|-9885.88
1|603982|20190611|-10411.83
0|002757|20190611|-10640.39
1|200020|20190611|0
1|600785|20190611|0
0|000818|20190611|0
0|002569|20190611|0
1|603860|20190611|0
1|200028|20190611|0
0|002898|20190611|0
1|900952|20190611|0
1|600576|20190611|0
0|000048|20190611|0
1|600349|20190611|0
1|200054|20190611|0
1|600485|20190611|0
0|002724|20190611|0
1|600610|20190611|0
1|603867|20190611|0
0|002525|20190611|0
1|900936|20190611|0
1|900953|20190611|0
1|200706|20190611|0
1|200017|20190611|0
1|200413|20190611|0
1|900916|20190611|0
1|900929|20190611|0
1|900921|20190611|0
1|200992|20190611|0
0|002260|20190611|0
1|600844|20190611|0
1|900928|20190611|0
1|900934|20190611|0
1|900923|20190611|0
0|000991|20190611|0
1|603863|20190611|0
1|200152|20190611|0
1|200025|20190611|0
0|000029|20190611|0
1|200761|20190611|0
1|601236|20190611|0
1|600145|20190611|0
0|002710|20190611|0
1|200056|20190611|0
1|600074|20190611|0
0|002290|20190611|0
0|000995|20190611|0
1|900920|20190611|0
0|300028|20190611|0
0|002753|20190611|0
1|600968|20190611|0
0|002633|20190611|0
1|900943|20190611|0
1|600615|20190611|0
0|002720|20190611|0
0|002257|20190611|0
1|200011|20190611|0
1|600217|20190611|0
1|200570|20190611|0
1|200539|20190611|0
0|000693|20190611|0
1|200030|20190611|0
1|200058|20190611|0
1|900924|20190611|0
1|603915|20190611|0
1|200726|20190611|0
0|000062|20190611|0
1|200550|20190611|0
1|900906|20190611|0
1|603238|20190611|0
0|002263|20190611|0
1|200512|20190611|0
0|000418|20190611|0
1|200521|20190611|0
1|200029|20190611|0
0|002604|20190611|0
1|200869|20190611|0
1|900922|20190611|0
1|600301|20190611|0
1|200055|20190611|0
1|600444|20190611|0
0|000939|20190611|0
0|300728|20190611|0
1|900913|20190611|0
1|603217|20190611|0
1|600353|20190611|0
1|900927|20190611|0
0|300216|20190611|0
1|900946|20190611|0
1|200541|20190611|0
1|600078|20190611|0
1|600250|20190611|0
1|200488|20190611|0
1|600075|20190611|0
1|900955|20190611|0
1|200505|20190611|0
0|300272|20190611|0
1|200613|20190611|0
1|200019|20190611|0
1|603256|20190611|0
1|600487|20190611|0
1|900909|20190611|0
0|300594|20190611|0
1|603302|20190611|0
0|300104|20190611|0
0|002070|20190611|0
0|002956|20190611|0
0|002680|20190611|0
0|002323|20190611|0
1|200553|20190611|0
1|900915|20190611|0
0|300783|20190611|0
0|300361|20190611|0
1|900904|20190611|0
1|900903|20190611|0
0|000862|20190611|0
1|601698|20190611|0
0|300646|20190611|0
1|200986|20190611|0
1|900951|20190611|0
1|603861|20190611|0
0|300782|20190611|0
1|900956|20190611|0
0|300592|20190611|0
1|900945|20190611|0
1|601206|20190611|0
