1|600519|20190423|7665064847
1|510900|20190423|25099382880
1|518880|20190423|15809344008
1|600018|20190423|1743075684
1|603000|20190423|1541759968
1|600028|20190423|2779053729
1|600895|20190423|1584754083
1|600260|20190423|1967659121
1|601233|20190423|1488345663
1|600239|20190423|672250211
1|600030|20190423|12596491137
1|600570|20190423|3676177341
1|601555|20190423|1592010423
1|600635|20190423|1319165225
1|600048|20190423|3165107570
1|601857|20190423|2301407308
1|600783|20190423|852633159
1|600010|20190423|1628252156
1|600138|20190423|614010205
1|513500|20190423|2227291775
1|600699|20190423|895717792
1|600604|20190423|1349883194
1|601688|20190423|4183386895
1|600566|20190423|455187936
1|600298|20190423|652676317
1|601168|20190423|1425077623
1|600459|20190423|1004673609
1|600640|20190423|549440526
1|601608|20190423|549946960
1|600153|20190423|976883202
1|600111|20190423|2211813365
1|601336|20190423|1030587724
1|600837|20190423|5244903830
1|600277|20190423|612504906
1|600831|20190423|664893568
1|601216|20190423|1087452584
1|600879|20190423|1079961138
1|600648|20190423|1116719534
1|600143|20190423|487224596
1|601377|20190423|2018293196
1|601166|20190423|11031233292
1|601788|20190423|2160460525
1|601108|20190423|2624950557
1|600704|20190423|576265264
1|600369|20190423|1265861018
1|600523|20190423|490415460
1|601939|20190423|1781801888
1|600271|20190423|1586268172
1|600060|20190423|809177159
1|600789|20190423|825411394
1|601998|20190423|743719590
1|600820|20190423|722884564
1|600649|20190423|1435326826
1|601997|20190423|1568050628
1|600580|20190423|641406084
1|600284|20190423|393245125
1|600073|20190423|581777799
1|600088|20190423|376553378
1|601288|20190423|4100925419
1|601111|20190423|639479550
1|600115|20190423|608024854
1|600518|20190423|1391843477
1|601899|20190423|1730852431
1|601800|20190423|923416792
1|600020|20190423|580772412
1|600199|20190423|328175408
1|600803|20190423|852045894
1|600720|20190423|565069581
1|600970|20190423|1033397327
1|600006|20190423|470199144
1|601666|20190423|497064994
1|600068|20190423|1441277505
1|601628|20190423|1024461540
1|600655|20190423|367919000
1|600737|20190423|824297319
1|600728|20190423|1621066684
1|600958|20190423|1678841119
1|603993|20190423|1560522602
1|600387|20190423|442094997
1|600210|20190423|488297540
1|600884|20190423|1066378102
1|603766|20190423|371379215
1|600800|20190423|430863692
1|600875|20190423|1468043657
1|600372|20190423|670391456
1|600064|20190423|917949003
1|600626|20190423|398907294
1|600104|20190423|2132806549
1|600078|20190423|316428164
1|600337|20190423|328111343
1|600315|20190423|835572171
1|600373|20190423|688321305
1|600740|20190423|778342302
1|600868|20190423|882135546
1|600559|20190423|383705722
1|600611|20190423|492862597
1|600999|20190423|1252415122
1|600015|20190423|2643407452
1|601717|20190423|678018544
1|600867|20190423|1110147562
1|518800|20190423|118103752
1|600624|20190423|886670441
1|601929|20190423|392127818
1|600509|20190423|347305785
1|600033|20190423|235187101
1|601618|20190423|1174371991
1|600688|20190423|358624795
1|600170|20190423|398967964
1|600497|20190423|872851738
1|600216|20190423|585198289
1|600398|20190423|262776213
1|601229|20190423|911675195
1|600252|20190423|597737558
1|603858|20190423|763800708
1|600027|20190423|375152822
1|601898|20190423|524475988
1|600363|20190423|568840076
1|600433|20190423|615139004
1|600392|20190423|1312951448
1|600000|20190423|4322733598
1|600830|20190423|404388093
1|601117|20190423|819927742
1|600639|20190423|222099620
1|600674|20190423|683806201
1|600023|20190423|386353639
1|600380|20190423|616085679
1|600614|20190423|652247814
1|601866|20190423|493035560
1|601777|20190423|900794930
1|600692|20190423|371243400
1|600499|20190423|693468370
1|600809|20190423|422592661
1|600318|20190423|361970275
1|600578|20190423|274279207
1|600535|20190423|957646212
1|600872|20190423|492070198
1|600827|20190423|481980781
1|600741|20190423|299033155
1|600312|20190423|543166044
1|600456|20190423|547377385
1|600998|20190423|625636407
1|600113|20190423|299206197
1|601388|20190423|449400965
1|600873|20190423|494523454
1|600109|20190423|2502147791
1|513100|20190423|1863767900
1|600354|20190423|274406339
1|600063|20190423|422568477
1|600139|20190423|289280371
1|601877|20190423|524188047
1|512000|20190423|253340838
1|600835|20190423|279436975
1|601588|20190423|218156617
1|600491|20190423|751841775
1|600761|20190423|278035706
1|600446|20190423|2140427619
1|600037|20190423|562913497
1|600600|20190423|229839850
1|600825|20190423|402000878
1|601118|20190423|1261916329
1|600759|20190423|583053853
1|510300|20190423|13386020407
1|600116|20190423|450693002
1|600660|20190423|1078018894
1|600863|20190423|383596704
1|600021|20190423|256247953
1|600563|20190423|197956210
1|600811|20190423|1092888294
1|600729|20190423|710010102
1|600470|20190423|444798441
1|600029|20190423|1191838708
1|600676|20190423|283518007
1|601789|20190423|335649698
1|600486|20190423|289922864
1|601018|20190423|665718992
1|600160|20190423|1069784372
1|600587|20190423|282770893
1|601238|20190423|520559056
1|600388|20190423|484106435
1|601872|20190423|358949980
1|600637|20190423|1422314425
1|600058|20190423|303756059
1|600886|20190423|2177576876
1|600773|20190423|487404361
1|600119|20190423|226865376
1|600350|20190423|264585693
1|600266|20190423|1773446227
1|601928|20190423|326395108
1|600122|20190423|320028599
1|600805|20190423|390913596
1|600642|20190423|374212938
1|600416|20190423|533939001
1|600229|20190423|297958737
1|600449|20190423|456178902
1|600601|20190423|675271542
1|600900|20190423|1490112122
1|601369|20190423|369672842
1|601139|20190423|217746914
1|601933|20190423|549698334
1|601566|20190423|145801171
1|600851|20190423|276248044
1|600616|20190423|251061917
1|600502|20190423|568200213
1|601881|20190423|1877565720
1|601991|20190423|450540783
1|601669|20190423|970923522
1|512010|20190423|3105183
1|600673|20190423|1498260393
1|600893|20190423|1182396067
1|601600|20190423|1717484670
1|600661|20190423|583122963
1|510810|20190423|3863940
1|600711|20190423|1235758761
1|600651|20190423|238650782
1|510880|20190423|23927115
1|600343|20190423|445008873
1|600007|20190423|263270747
1|600098|20190423|312049987
1|601999|20190423|151092183
1|510510|20190423|17572838
1|600694|20190423|484428004
1|600293|20190423|303397472
1|600077|20190423|278501471
1|600185|20190423|289542739
1|603001|20190423|138757877
1|600466|20190423|600921812
1|600307|20190423|606364664
1|601218|20190423|289343782
1|600874|20190423|495772543
1|600458|20190423|400719432
1|600009|20190423|279315536
1|600551|20190423|237749273
1|600482|20190423|682163419
1|512500|20190423|26056467
1|601633|20190423|252721614
1|600592|20190423|408308638
1|510330|20190423|103496714
1|601158|20190423|167002595
1|600259|20190423|557264554
1|510310|20190423|10794939
1|601919|20190423|501750581
1|600320|20190423|287871779
1|510590|20190423|13214717
1|600612|20190423|46847545
1|600663|20190423|357199501
1|512160|20190423|3872989
1|600067|20190423|438175030
1|512900|20190423|537997
1|510390|20190423|156699
1|512180|20190423|706941
1|601126|20190423|236739957
1|600329|20190423|238363970
1|512980|20190423|11429401
1|601038|20190423|160383688
1|513050|20190423|919427798
1|600177|20190423|1072987188
1|510850|20190423|136993
1|510710|20190423|1304452
1|512580|20190423|5451957
1|600485|20190423|97385884
1|512090|20190423|4280957
1|510160|20190423|290537
1|600993|20190423|326827245
1|512520|20190423|1595874
1|601211|20190423|2374782054
1|512660|20190423|55439973
1|600743|20190423|219877432
1|510180|20190423|226506486
1|600169|20190423|317832812
1|600336|20190423|313449165
1|600481|20190423|317347890
1|601231|20190423|170282166
1|600751|20190423|462146333
1|600976|20190423|385797899
1|600859|20190423|237049201
1|600022|20190423|936590029
1|600594|20190423|458950401
1|600467|20190423|272327157
1|600511|20190423|178640916
1|512950|20190423|880059
1|600987|20190423|191398017
1|600039|20190423|432993366
1|600292|20190423|375603997
1|512070|20190423|12431996
1|600297|20190423|437861190
1|510230|20190423|13944176
1|512280|20190423|1764935
1|600377|20190423|77301126
1|600288|20190423|515216622
1|600790|20190423|301252023
1|600079|20190423|732689842
1|600426|20190423|916511188
1|601006|20190423|1471959072
1|600237|20190423|367279447
1|600643|20190423|760644404
1|600223|20190423|317837071
1|600823|20190423|373770176
1|600335|20190423|418855142
1|600500|20190423|748494602
1|600085|20190423|600941223
1|600543|20190423|329142574
1|600389|20190423|366641441
1|601199|20190423|108863101
1|600162|20190423|189007801
1|600220|20190423|277228725
1|601607|20190423|974407624
1|600310|20190423|182752231
1|600826|20190423|338358379
1|600575|20190423|609995502
1|601636|20190423|411194766
1|601727|20190423|864133841
1|600418|20190423|545879519
1|600012|20190423|106228694
1|601098|20190423|339230422
1|601333|20190423|660544865
1|600498|20190423|1643134471
1|601801|20190423|351222433
1|600495|20190423|431938798
1|600557|20190423|237772578
1|600515|20190423|577694025
1|600894|20190423|227792802
1|600585|20190423|2032706649
1|600011|20190423|427887887
1|600978|20190423|634468253
1|600839|20190423|1149019670
1|600395|20190423|418622350
1|600489|20190423|1186737148
1|603369|20190423|187818440
1|600251|20190423|255154605
1|600490|20190423|1005738162
1|600146|20190423|441441519
1|600100|20190423|1821426998
1|600880|20190423|395793894
1|600545|20190423|385289933
1|512800|20190423|59093195
1|600770|20190423|623200361
1|600120|20190423|798296419
1|600722|20190423|253213549
1|600331|20190423|259589666
1|600151|20190423|510514646
1|600415|20190423|497271628
1|600197|20190423|366127371
1|600366|20190423|420015733
1|601808|20190423|314994472
1|600176|20190423|1851912981
1|600662|20190423|346840988
1|601880|20190423|273483027
1|600186|20190423|157581303
1|600707|20190423|516749167
1|601001|20190423|318770069
1|600595|20190423|159287750
1|600652|20190423|269935872
1|600008|20190423|601242018
1|600221|20190423|1208976183
1|600757|20190423|422367411
1|600588|20190423|3469859719
1|600026|20190423|306283630
1|600686|20190423|368305300
1|600838|20190423|316631752
1|600521|20190423|598555039
1|600537|20190423|360825260
1|600718|20190423|1266165147
1|600668|20190423|739994206
1|600609|20190423|239379659
1|600257|20190423|379362903
1|600059|20190423|357837132
1|600483|20190423|167794183
1|600967|20190423|839114735
1|603169|20190423|141155595
1|600300|20190423|363843305
1|600410|20190423|885682649
1|601179|20190423|386419769
1|600200|20190423|523687722
1|600269|20190423|339307947
1|600765|20190423|663388645
1|600261|20190423|269423922
1|601601|20190423|1511171113
1|600183|20190423|536091350
1|600730|20190423|316342847
1|600333|20190423|241598859
1|600038|20190423|854751783
1|601901|20190423|1015387970
1|600802|20190423|444540449
1|600332|20190423|1159521436
1|601958|20190423|538973529
1|600795|20190423|871665264
1|600061|20190423|662717311
1|600168|20190423|123606711
1|600188|20190423|695521705
1|600684|20190423|422455353
1|600285|20190423|332700628
1|600717|20190423|550495114
1|600386|20190423|271671555
1|600325|20190423|1222578841
1|603323|20190423|743765864
1|600348|20190423|589114498
1|600062|20190423|486975667
1|601258|20190423|407777036
1|600565|20190423|379820624
1|600582|20190423|477570866
1|601398|20190423|3104651023
1|600016|20190423|9132361982
1|600158|20190423|914589508
1|600548|20190423|65626946
1|601718|20190423|512010459
1|600703|20190423|2104107186
1|600797|20190423|994084759
1|601002|20190423|522047471
1|600771|20190423|984491963
1|600808|20190423|738398762
1|600206|20190423|779127131
1|600787|20190423|597255625
1|600382|20190423|473951560
1|601000|20190423|565721037
1|600132|20190423|166992391
1|600633|20190423|598280429
1|600219|20190423|1190119754
1|600089|20190423|1568040517
1|600376|20190423|464331846
1|600645|20190423|956749633
1|600653|20190423|249668314
1|600267|20190423|710773576
1|600096|20190423|374040232
1|600705|20190423|2044535226
1|600161|20190423|653334511
1|600597|20190423|426534536
1|600549|20190423|887515837
1|600748|20190423|852349154
1|600739|20190423|1697636637
1|601996|20190423|232422866
1|600323|20190423|401004500
1|600187|20190423|371613601
1|600236|20190423|96649628
1|600240|20190423|323608389
1|601311|20190423|598077471
1|600901|20190423|475184288
1|600971|20190423|457013981
1|600135|20190423|450420147
1|600004|20190423|174592685
1|600583|20190423|554119917
1|600503|20190423|820302623
1|601101|20190423|458840472
1|600436|20190423|1159452253
1|600125|20190423|747710592
1|600846|20190423|887167534
1|600782|20190423|812409170
1|601107|20190423|159264884
1|600855|20190423|360280295
1|600017|20190423|389825201
1|512880|20190423|409349539
1|600919|20190423|1066234240
1|600256|20190423|1526275019
1|601169|20190423|1443278085
1|600716|20190423|342642194
1|600019|20190423|1037896166
1|600391|20190423|484068225
1|600702|20190423|710501449
1|601766|20190423|2655878745
1|600422|20190423|1308088073
1|600383|20190423|2641457922
1|600409|20190423|1215759627
1|600118|20190423|1233177843
1|600755|20190423|1328350876
1|600596|20190423|1151457098
1|600750|20190423|528991644
1|601985|20190423|886896281
1|600664|20190423|754651289
1|600326|20190423|650926339
1|601225|20190423|1895411420
1|600507|20190423|655463273
1|600744|20190423|180790151
1|600478|20190423|532050721
1|601099|20190423|2354365548
1|600107|20190423|330714867
1|600208|20190423|878300433
1|601390|20190423|1983830243
1|600677|20190423|762338879
1|600056|20190423|814574785
1|601186|20190423|3070724147
1|600435|20190423|850788882
1|600568|20190423|659144793
1|600316|20190423|663109130
1|600406|20190423|1293860279
1|601128|20190423|455317805
1|600110|20190423|805326893
1|600123|20190423|752267460
1|600742|20190423|800955148
1|600528|20190423|908443707
1|601012|20190423|1085489579
1|601699|20190423|759749757
1|600171|20190423|934232866
1|600606|20190423|1458122130
1|601088|20190423|1083062465
1|601021|20190423|412548345
1|600572|20190423|1912803975
1|601886|20190423|671091946
1|601138|20190423|1634633642
1|600801|20190423|1284990473
1|600222|20190423|473317035
1|600362|20190423|1221780203
1|600620|20190423|287770859
1|600066|20190423|528764853
1|600157|20190423|756342729
1|600282|20190423|638243544
1|600525|20190423|949499448
1|601992|20190423|1081081016
1|600804|20190423|2281236550
1|600547|20190423|1266739969
1|601009|20190423|1883948227
1|600201|20190423|1161307596
1|601198|20190423|942115248
1|601328|20190423|2752789764
1|600756|20190423|1221723273
1|600516|20190423|3640596282
1|600340|20190423|2108748090
1|600777|20190423|741633846
1|601515|20190423|556422075
1|601668|20190423|5066423500
1|600108|20190423|586120398
1|600667|20190423|809809008
1|600276|20190423|1191054678
1|600816|20190423|1584239844
1|600086|20190423|217220479
1|600598|20190423|545287099
1|600230|20190423|800777712
1|600330|20190423|722133181
1|600175|20190423|489594739
1|601818|20190423|1536172821
1|600352|20190423|6306860627
1|600141|20190423|746629570
1|600517|20190423|707154187
1|600196|20190423|1768484212
1|600522|20190423|2380306593
1|600926|20190423|799647893
1|600155|20190423|880392769
1|600438|20190423|520207383
1|600584|20190423|1240811622
1|510500|20190423|5303520308
1|600887|20190423|1766996149
1|600309|20190423|4449118098
1|601155|20190423|1836431339
1|600036|20190423|3506727627
1|600881|20190423|693002134
1|600487|20190423|2879769955
1|601988|20190423|3240307242
1|600031|20190423|1786966072
1|600460|20190423|1607153539
1|600690|20190423|902027636
1|601678|20190423|948702209
1|600166|20190423|1075122332
1|600218|20190423|1100843229
1|510050|20190423|14033521429
1|600775|20190423|726640569
1|601989|20190423|3384451264
1|600094|20190423|924575451
1|600273|20190423|1325847515
1|601888|20190423|1630661974
1|600536|20190423|2043572572
1|601318|20190423|23091369171
1|600050|20190423|4371050560
1|600776|20190423|1027034320
