1|603927|20190924|2308.739990
1|603602|20190924|412.290009
1|603528|20190924|-2722.830078
1|603165|20190924|-2588.709961
1|603121|20190924|-271.679993
1|603093|20190924|-9533.379883
1|603031|20190924|-843.340027
1|603023|20190924|446.309998
1|601808|20190924|-1589.250000
1|600615|20190924|395.209991
1|600260|20190924|10386.740234
1|600122|20190924|3002.830078
0|300790|20190924|68.190002
0|300783|20190924|8466.959961
0|300781|20190924|-3281.010010
0|300773|20190924|-1436.339966
0|300759|20190924|6392.379883
0|300748|20190924|-4885.160156
0|300594|20190924|1598.849976
0|300587|20190924|-3958.850098
0|300579|20190924|1558.209961
0|300530|20190924|47.599998
0|300510|20190924|-1076.760010
0|300468|20190924|-1389.260010
0|300460|20190924|-403.070007
0|300450|20190924|10236.820312
0|300407|20190924|-61.650002
0|300293|20190924|1483.829956
0|300218|20190924|1683.089966
0|300093|20190924|-2434.830078
0|002962|20190924|921.090027
0|002961|20190924|658.559998
0|002941|20190924|-290.339996
0|002917|20190924|-6.850000
0|002906|20190924|664.190002
0|002819|20190924|-2497.000000
0|002786|20190924|1417.209961
0|002723|20190924|-345.339996
0|002668|20190924|-6299.100098
0|002660|20190924|-1807.500000
0|002547|20190924|14440.839844
0|002477|20190924|71.930000
0|002404|20190924|269.950012
0|002316|20190924|1661.170044
0|002294|20190924|2556.939941
0|002262|20190924|-9114.330078
0|002020|20190924|-4356.649902
0|002018|20190924|8.030000
0|000909|20190924|686.799988
0|000799|20190924|-13614.549805
0|000733|20190924|3334.790039
0|000700|20190924|-1282.670044
