0|300795|20191104|2122.689941
0|300793|20191104|-3860.729980
0|300612|20191104|-5497.629883
0|300598|20191104|-1118.680054
0|300566|20191104|2394.610107
0|300551|20191104|112.559998
0|300529|20191104|-3582.500000
0|300438|20191104|1753.469971
0|300431|20191104|-2383.129883
0|300262|20191104|-1260.189941
0|300240|20191104|-1941.109985
0|300168|20191104|21284.900391
0|300089|20191104|-2282.479980
0|002965|20191104|1344.609985
0|002947|20191104|1856.790039
0|002919|20191104|41.919998
0|002892|20191104|-22983.779297
0|002865|20191104|766.239990
0|002822|20191104|11729.400391
0|002808|20191104|1736.030029
0|002799|20191104|-1128.609985
0|002770|20191104|-1982.920044
0|002740|20191104|334.660004
0|002716|20191104|567.880005
0|002680|20191104|69.120003
0|002552|20191104|-6645.419922
0|002351|20191104|4751.799805
0|002280|20191104|82.739998
0|002235|20191104|-1412.459961
0|002143|20191104|21.510000
0|002100|20191104|1632.599976
0|002020|20191104|414.480011
0|000710|20191104|5557.990234
0|000691|20191104|1111.410034
0|000673|20191104|202.880005
0|000620|20191104|426.589996
