1|600354|20190820|5250.410156
1|603256|20190820|-519.349976
1|603687|20190820|-2237.260010
1|603115|20190820|2537.929932
0|300731|20190820|3180.260010
1|603999|20190820|1567.400024
1|600293|20190820|1282.280029
1|600664|20190820|-284.640015
0|300787|20190820|515.849976
0|300781|20190820|2418.449951
0|300778|20190820|2699.449951
1|603238|20190820|-1222.589966
0|300748|20190820|-2058.709961
0|300739|20190820|-2039.349976
0|300700|20190820|339.160004
0|300615|20190820|1023.919983
0|300556|20190820|3594.760010
0|300543|20190820|2396.790039
0|300538|20190820|-3135.000000
1|600529|20190820|-7859.959961
0|300526|20190820|382.519989
1|603338|20190820|-12916.669922
0|300328|20190820|-1592.739990
0|300238|20190820|1308.369995
1|200058|20190820|46.770000
0|002957|20190820|-2717.669922
0|002949|20190820|-405.100006
0|002939|20190820|8614.509766
0|002903|20190820|3153.209961
0|002886|20190820|2005.130005
0|002885|20190820|-731.489990
0|002881|20190820|-2821.629883
0|002835|20190820|-44.419998
0|002422|20190820|-35653.898438
0|002316|20190820|203.410004
0|002201|20190820|-1117.390015
0|002052|20190820|2640.250000
0|002041|20190820|2342.689941
0|000713|20190820|2842.879883
0|000088|20190820|2855.379883
0|000045|20190820|-736.440002
0|000038|20190820|-821.010010
0|000032|20190820|1045.329956
0|000021|20190820|3349.770020
