0|300790|20191016|-1347.189941
0|300686|20191016|5823.310059
0|300593|20191016|3083.199951
0|300561|20191016|-1178.069946
0|300494|20191016|889.460022
0|300429|20191016|1599.060059
0|300322|20191016|492.940002
0|300311|20191016|5568.290039
0|300242|20191016|-2384.419922
0|300170|20191016|-9526.919922
0|300169|20191016|-2907.370117
0|300083|20191016|790.109985
0|300052|20191016|3796.229980
0|300029|20191016|-644.400024
0|002962|20191016|232.399994
0|002961|20191016|1820.640015
0|002903|20191016|-536.640015
0|002835|20191016|2545.530029
0|002800|20191016|578.869995
0|002680|20191016|-0.780000
0|002524|20191016|-710.130005
0|002492|20191016|-2122.340088
0|002437|20191016|2943.729980
0|002351|20191016|-3393.070068
0|002325|20191016|-3680.810059
0|002298|20191016|1460.819946
0|002209|20191016|-757.659973
0|002141|20191016|-3760.449951
0|002101|20191016|-1074.630005
0|002048|20191016|-5675.819824
0|002018|20191016|-23.469999
0|000677|20191016|-1011.409973
0|000662|20191016|-132.410004
0|000652|20191016|2385.350098
0|000557|20191016|766.739990
0|000533|20191016|-981.369995
0|000532|20191016|2012.359985
0|000056|20191016|3207.129883
0|000035|20191016|1050.380005
