1|601236|20190806|4012.639893
1|603279|20190806|2012.369995
1|601113|20190806|8961.849609
1|603256|20190806|5350.819824
1|603882|20190806|4521.189941
1|603687|20190806|3821.469971
0|300786|20190806|2348.419922
0|300785|20190806|2723.530029
0|300781|20190806|1933.520020
1|603108|20190806|-1538.810059
0|300777|20190806|1530.469971
0|300752|20190806|3802.120117
0|300748|20190806|7411.180176
1|603327|20190806|1441.380005
0|300775|20190806|-6168.060059
0|300719|20190806|742.219971
0|300700|20190806|93.900002
0|300686|20190806|-305.500000
0|300679|20190806|2183.330078
0|300526|20190806|2294.389893
0|300467|20190806|-2772.699951
0|300340|20190806|-37.669998
0|300307|20190806|2933.389893
0|300270|20190806|1832.849976
0|300241|20190806|893.340027
0|300168|20190806|-2574.000000
1|600748|20190806|-2679.389893
0|300127|20190806|-3706.830078
0|002966|20190806|2585.139893
0|002957|20190806|6209.689941
1|603681|20190806|763.080017
1|600090|20190806|363.980011
1|603662|20190806|160.220001
1|603530|20190806|27.930000
0|002953|20190806|-2281.110107
0|002952|20190806|-124.930000
0|002949|20190806|-351.720001
0|002903|20190806|2086.870117
0|002885|20190806|-688.479980
0|002881|20190806|-5531.700195
0|002870|20190806|-515.570007
0|002679|20190806|-1453.939941
0|002668|20190806|20.860001
0|002569|20190806|-43.122200
0|002412|20190806|-1200.920044
0|002366|20190806|-780.090027
1|603648|20190806|-874.590027
0|002237|20190806|6104.967285
0|000890|20190806|-448.200012
0|000815|20190806|-3334.449951
0|000713|20190806|29.889999
0|000687|20190806|-198.050003
0|000666|20190806|-1862.739990
0|000619|20190806|557.080017
0|000430|20190806|-395.029999
1|600273|20190806|-8464.790039
0|002201|20190806|-9019.660156
