1|603327|20190828|369.230011
1|603982|20190828|-275.470001
1|600157|20190828|5849.959961
1|603256|20190828|4210.569824
1|603613|20190828|1903.290039
1|600856|20190828|2773.899902
0|002959|20190828|1028.910034
1|600081|20190828|545.400024
1|603755|20190828|52.259998
0|300328|20190828|2691.760010
1|603660|20190828|-504.750000
0|300789|20190828|76.269997
0|300787|20190828|403.100006
0|300783|20190828|1945.380005
0|300777|20190828|2564.830078
0|300775|20190828|481.290009
0|300536|20190828|-998.190002
0|300292|20190828|3071.649902
1|603326|20190828|-1554.199951
0|300194|20190828|1421.319946
0|300110|20190828|-1818.079956
1|600609|20190828|-2581.110107
1|600781|20190828|-2796.520020
0|300733|20190828|-3316.050049
0|300350|20190828|-14.070000
0|002957|20190828|-1642.140015
0|002947|20190828|7484.669922
0|002917|20190828|-837.780029
0|002869|20190828|1367.729980
1|600589|20190828|713.260010
1|600052|20190828|663.119995
0|002830|20190828|-708.330017
0|002750|20190828|-1414.619995
0|002586|20190828|-1972.699951
0|002547|20190828|7589.479980
0|002477|20190828|-1.040000
0|002396|20190828|447.179993
0|002385|20190828|5646.520020
0|002219|20190828|-4107.200195
0|002213|20190828|-2164.979980
0|002157|20190828|22240.929688
0|002048|20190828|1959.910034
0|000735|20190828|7838.049805
0|000702|20190828|-2671.260010
0|000410|20190828|936.260010
0|000058|20190828|-4048.300049
0|000038|20190828|-1565.000000
0|000017|20190828|3020.840088
1|601799|20190828|-4249.270020
0|300748|20190828|-6918.910156
0|300294|20190828|-4825.220215
0|002881|20190828|-8211.469727
0|002635|20190828|-6802.930176
0|002237|20190828|-4758.970215
0|000963|20190828|-15528.919922
0|000007|20190828|-6288.160156
