1|603797|20190628|-2187.590088
1|601038|20190628|31.059999
1|603106|20190628|-769.820007
1|601066|20190628|-13050.599609
1|603863|20190628|4108.759766
1|603648|20190628|3605.219971
1|600401|20190628|26.549999
1|900904|20190628|-7.760000
1|603068|20190628|-404.359985
1|603915|20190628|-548.440002
1|600744|20190628|-1418.410034
1|600613|20190628|-2402.300049
1|600540|20190628|-2580.360107
1|603283|20190628|2758.389893
1|601101|20190628|1608.609985
1|601698|20190628|88.040001
1|603867|20190628|68.919998
1|600155|20190628|-333.269989
1|600518|20190628|-769.559998
