1|603011|20190906|-1719.380005
1|603256|20190906|-1176.209961
1|601519|20190906|8161.419922
1|603755|20190906|3528.939941
1|600213|20190906|3014.780029
1|600378|20190906|2222.870117
0|300789|20190906|-1659.469971
0|300777|20190906|-1239.199951
0|300775|20190906|-1199.449951
0|300773|20190906|-4728.049805
0|300585|20190906|-3922.040039
0|300576|20190906|3068.500000
0|300567|20190906|2336.570068
0|300526|20190906|530.440002
0|300492|20190906|2073.330078
1|603186|20190906|78.910004
1|603115|20190906|-519.190002
0|300431|20190906|-1878.459961
1|600812|20190906|-6248.979980
0|300397|20190906|2004.760010
0|300353|20190906|9323.160156
0|300176|20190906|4280.209961
0|300158|20190906|-11481.599609
0|002947|20190906|1361.839966
0|002941|20190906|-2342.000000
0|002915|20190906|-1735.670044
0|002751|20190906|-1047.410034
0|002589|20190906|465.690002
0|002477|20190906|-11.120000
0|002417|20190906|-6128.379883
0|002201|20190906|-11525.870117
0|002134|20190906|-2769.909912
0|002121|20190906|-2258.709961
0|002095|20190906|-2941.629883
0|002036|20190906|4663.459961
0|002017|20190906|9079.330078
0|000890|20190906|-2101.010010
0|000603|20190906|-4008.080078
0|000599|20190906|1384.760010
0|000584|20190906|2670.270020
0|000550|20190906|758.580017
0|000058|20190906|-167.490005
0|000038|20190906|-2684.219971
1|603936|20190906|-11652.419922
0|002714|20190906|-32218.179688
