1|603189|20190529|-4387.609863
1|603906|20190529|-2780.820068
1|600734|20190529|3582.899902
1|600980|20190529|984.780029
1|603267|20190529|585.700012
1|600198|20190529|-1047.959961
1|603982|20190529|4687.149902
1|603650|20190529|2950.149902
1|603739|20190529|2813.739990
1|600463|20190529|1773.270020
1|600354|20190529|1212.180054
1|600844|20190529|1132.969971
1|601038|20190529|830.000000
1|600401|20190529|-3.720000
1|600515|20190529|-305.200012
1|601975|20190529|-716.039978
1|603045|20190529|-3556.590088
1|603078|20190529|-4537.040039
