0|300795|20191101|-3372.320068
0|300793|20191101|5783.109863
0|300748|20191101|6410.950195
0|300736|20191101|-2714.699951
0|300667|20191101|-298.260010
0|300598|20191101|10534.750000
0|300562|20191101|675.280029
0|300552|20191101|2686.979980
0|300551|20191101|-3591.409912
0|300435|20191101|-3580.260010
0|300431|20191101|1443.719971
0|300429|20191101|7634.950195
0|300293|20191101|-2.660000
0|300240|20191101|-1249.969971
0|300202|20191101|1839.050049
0|300089|20191101|-1566.160034
0|002965|20191101|-995.260010
0|002961|20191101|-397.470001
0|002947|20191101|287.470001
0|002919|20191101|-2384.790039
0|002892|20191101|3718.659912
0|002865|20191101|2881.939941
0|002822|20191101|-12367.750000
0|002770|20191101|-1544.709961
0|002680|20191101|-202.860001
0|002634|20191101|-1437.670044
0|002552|20191101|6338.160156
0|002537|20191101|-838.929993
0|002509|20191101|-4766.020020
0|002488|20191101|5179.709961
0|002471|20191101|-931.250000
0|002359|20191101|-1154.239990
0|002351|20191101|2334.159912
0|002303|20191101|626.580017
0|002280|20191101|1916.469971
0|002261|20191101|371.359985
0|002143|20191101|175.800003
0|002073|20191101|-5498.189941
0|002035|20191101|-692.169983
0|000676|20191101|1496.430054
0|000673|20191101|835.400024
0|000651|20191101|193690.906250
0|000638|20191101|-3880.770020
0|000338|20191101|36490.210938
