1|601857|20190516|2222371207
1|601318|20190516|22773258572
1|600259|20190516|710273577
1|600276|20190516|1235613493
1|600010|20190516|1688976855
1|518880|20190516|15841449145
1|600337|20190516|368978918
1|510900|20190516|25834472061
1|600352|20190516|5920964510
1|518800|20190516|300924736
1|600111|20190516|2224445168
1|600019|20190516|1382822688
1|600879|20190516|1052870326
1|600837|20190516|5020165899
1|600677|20190516|985936847
1|600570|20190516|3330389595
1|600018|20190516|1712402171
1|601933|20190516|599276216
1|513100|20190516|2135818927
1|600260|20190516|1723658929
1|600516|20190516|3107937836
1|600648|20190516|1081167904
1|600547|20190516|1412962120
1|600392|20190516|1245993355
1|600737|20190516|813355127
1|600741|20190516|391882382
1|600662|20190516|410936655
1|601600|20190516|1620005699
1|600273|20190516|1318865920
1|601211|20190516|2374401517
1|600549|20190516|841059943
1|600718|20190516|1196191348
1|601328|20190516|2594265082
1|600050|20190516|4180847840
1|600073|20190516|693908218
1|600585|20190516|2173980099
1|601899|20190516|1606788886
1|600300|20190516|455848605
1|600088|20190516|310877454
1|600284|20190516|356531611
1|600686|20190516|363140688
1|601111|20190516|639224205
1|600728|20190516|1489232987
1|600855|20190516|378218367
1|600587|20190516|348506382
1|600183|20190516|469265978
1|601555|20190516|1612835974
1|600418|20190516|567643125
1|600000|20190516|4393096601
1|600132|20190516|193551216
1|601618|20190516|1170296116
1|600521|20190516|595261797
1|600269|20190516|355059947
1|600782|20190516|788822066
1|600536|20190516|1869508992
1|600406|20190516|1273408838
1|601108|20190516|2494635818
1|600497|20190516|905617971
1|600787|20190516|524025481
1|601601|20190516|1446508462
1|601377|20190516|1916830782
1|601818|20190516|1585240317
1|601336|20190516|1071915199
1|600369|20190516|1104926119
1|603993|20190516|1477621482
1|600331|20190516|259345449
1|600036|20190516|3141504445
1|600016|20190516|9230800668
1|601766|20190516|2452707363
1|600967|20190516|764566592
1|510050|20190516|13803568863
1|600410|20190516|1240508190
1|600316|20190516|632705622
1|601186|20190516|2792840656
1|600643|20190516|757009090
1|600176|20190516|1658014758
1|600086|20190516|182699426
1|600744|20190516|180607851
1|600771|20190516|942691862
1|600522|20190516|2225643128
1|600363|20190516|566961635
1|600108|20190516|584684977
1|600416|20190516|502713066
1|600867|20190516|984605329
1|600620|20190516|281896102
1|600699|20190516|877942466
1|600759|20190516|555061656
1|600389|20190516|352515346
1|600039|20190516|402589262
1|601229|20190516|985292047
1|600702|20190516|695554878
1|601588|20190516|327527573
1|600208|20190516|826143619
1|600998|20190516|872437954
1|600783|20190516|754358778
1|600633|20190516|608627469
1|600872|20190516|445837796
1|600873|20190516|514350643
1|600592|20190516|421298084
1|600315|20190516|791974212
1|600199|20190516|316240611
1|600970|20190516|976608893
1|600094|20190516|1061424019
1|600085|20190516|588638924
1|600122|20190516|293689556
1|600575|20190516|666317412
1|600216|20190516|598002438
1|600436|20190516|1074632028
1|600206|20190516|718129473
1|601717|20190516|715751241
1|600600|20190516|269922364
1|600489|20190516|1107946849
1|600020|20190516|559202447
1|600135|20190516|438353681
1|600811|20190516|1152039100
1|601800|20190516|804359477
1|600109|20190516|2295858631
1|600616|20190516|266118635
1|600519|20190516|8032533128
1|600256|20190516|1468787983
1|600027|20190516|397050553
1|600297|20190516|416277966
1|601199|20190516|105998238
1|601628|20190516|949409359
1|600038|20190516|833255654
1|600578|20190516|269404882
1|600157|20190516|646215039
1|600336|20190516|290715157
1|600684|20190516|415003064
1|601788|20190516|1900087732
1|600037|20190516|516267416
1|600667|20190516|757696779
1|600517|20190516|712035609
1|600362|20190516|1160158141
1|600800|20190516|360690459
1|600790|20190516|292761321
1|600310|20190516|209138435
1|600635|20190516|1188925309
1|601929|20190516|362576873
1|600059|20190516|378783865
1|600026|20190516|309921700
1|600210|20190516|445628789
1|600765|20190516|644345846
1|601118|20190516|1194215703
1|600456|20190516|507336316
1|600511|20190516|204827978
1|600987|20190516|184736981
1|600433|20190516|614815620
1|601989|20190516|3083879280
1|600326|20190516|548571188
1|600096|20190516|357475475
1|600188|20190516|626249441
1|600141|20190516|721034530
1|600333|20190516|227860963
1|601872|20190516|367625218
1|600470|20190516|411707998
1|600320|20190516|264955324
1|601218|20190516|284511800
1|600395|20190516|399117052
1|512800|20190516|50834644
1|601666|20190516|450907151
1|600271|20190516|1582833486
1|600107|20190516|308903635
1|600282|20190516|597938430
1|601369|20190516|352599298
1|513050|20190516|908208010
1|600777|20190516|668741148
1|600808|20190516|700723717
1|600011|20190516|369680218
1|600058|20190516|289532548
1|600366|20190516|377759469
1|600851|20190516|278086633
1|600318|20190516|352221629
1|600100|20190516|1909031596
1|600422|20190516|1143318105
1|600926|20190516|720275531
1|603369|20190516|189369825
1|601138|20190516|1259666575
1|600609|20190516|237899863
1|600293|20190516|287268548
1|512880|20190516|401988731
1|600958|20190516|1524600006
1|600236|20190516|102968292
1|600604|20190516|1179534144
1|601877|20190516|430116991
1|600875|20190516|1390279366
1|601018|20190516|660670239
1|600537|20190516|355700974
1|601390|20190516|1767999734
1|600757|20190516|376322481
1|600162|20190516|188295246
1|600067|20190516|408853688
1|601515|20190516|494173999
1|600298|20190516|551303948
1|600548|20190516|58627490
1|600563|20190516|179666439
1|600285|20190516|323408549
1|600523|20190516|446886788
1|601939|20190516|1554171726
1|601107|20190516|140200946
1|600716|20190516|298405822
1|601919|20190516|422212184
1|601038|20190516|150098369
1|600694|20190516|479600773
1|600743|20190516|216345833
1|600146|20190516|422685867
1|512010|20190516|5192524
1|601608|20190516|472219309
1|510310|20190516|12959536
1|510710|20190516|2121969
1|600138|20190516|522635210
1|600343|20190516|418675160
1|600115|20190516|602806235
1|600825|20190516|355120056
1|600061|20190516|542990556
1|510510|20190516|11501430
1|601928|20190516|306702237
1|600503|20190516|733656813
1|601901|20190516|885125335
1|600185|20190516|295039286
1|600056|20190516|725232510
1|600881|20190516|675468317
1|600466|20190516|602978977
1|600773|20190516|454353197
1|600229|20190516|279382844
1|512660|20190516|51757149
1|512180|20190516|1092505
1|600886|20190516|2179093179
1|512900|20190516|913125
1|510160|20190516|438017
1|603858|20190516|720707056
1|510330|20190516|63961260
1|603001|20190516|138888482
1|512520|20190516|2714384
1|510390|20190516|283735
1|600653|20190516|223109029
1|512070|20190516|10795917
1|510810|20190516|1130087
1|510850|20190516|174547
1|512950|20190516|1290633
1|512980|20190516|16549149
1|512090|20190516|4592279
1|510590|20190516|11708810
1|601866|20190516|463019764
1|600770|20190516|610773901
1|601009|20190516|1778644543
1|600722|20190516|229489589
1|600017|20190516|373581976
1|601999|20190516|142963834
1|600139|20190516|266486297
1|600704|20190516|577416548
1|512580|20190516|6620385
1|510230|20190516|12824660
1|600668|20190516|753173889
1|600467|20190516|267029865
1|600863|20190516|356123471
1|600543|20190516|294724498
1|600372|20190516|638116661
1|512500|20190516|24385570
1|510880|20190516|27409869
1|600637|20190516|1323214970
1|601139|20190516|208277718
1|600515|20190516|533591888
1|600880|20190516|399168111
1|600169|20190516|288011896
1|600187|20190516|343708067
1|512160|20190516|3229466
1|600729|20190516|676156167
1|600267|20190516|696850913
1|600874|20190516|441939600
1|600645|20190516|914648492
1|600113|20190516|283647626
1|600655|20190516|361626167
1|600252|20190516|566971732
1|600161|20190516|611609733
1|600868|20190516|641552171
1|600060|20190516|742109449
1|600221|20190516|1155749518
1|600219|20190516|1117627206
1|601179|20190516|378741360
1|600435|20190516|828266104
1|600223|20190516|321069554
1|600976|20190516|374326631
1|601880|20190516|256217386
1|600639|20190516|182895977
1|600168|20190516|119879629
1|600077|20190516|266378475
1|601808|20190516|309238930
1|512280|20190516|841154
1|600033|20190516|231687187
1|601101|20190516|428416046
1|600007|20190516|275698268
1|600826|20190516|322917398
1|600197|20190516|396298414
1|600502|20190516|524771546
1|600116|20190516|430266009
1|510180|20190516|210846904
1|600761|20190516|270001240
1|600458|20190516|331746860
1|600846|20190516|648587099
1|600386|20190516|257439406
1|600545|20190516|354842714
1|603169|20190516|107183835
1|600583|20190516|535029575
1|600312|20190516|490906615
1|601158|20190516|152080053
1|600740|20190516|747318108
1|600551|20190516|235660499
1|600588|20190516|3378646395
1|601126|20190516|215214747
1|601000|20190516|502016335
1|601991|20190516|444486543
1|600582|20190516|456669181
1|600901|20190516|460659817
1|600499|20190516|647000429
1|600707|20190516|485199467
1|600021|20190516|227638829
1|600661|20190516|578002862
1|601098|20190516|300735593
1|600098|20190516|283758865
1|600123|20190516|731810069
1|600835|20190516|253396437
1|600859|20190516|220630463
1|600651|20190516|222399362
1|601117|20190516|780096542
1|600391|20190516|460888649
1|601998|20190516|760898098
1|600789|20190516|698486202
1|601233|20190516|1596019531
1|600827|20190516|445036699
1|603766|20190516|358119429
1|600993|20190516|297696896
1|600251|20190516|244766258
1|600335|20190516|384796702
1|600692|20190516|362523983
1|600143|20190516|495001250
1|600266|20190516|1714579089
1|601001|20190516|330480950
1|600008|20190516|553915362
1|600823|20190516|382280443
1|600495|20190516|384812042
1|601333|20190516|596925435
1|600750|20190516|497433516
1|600642|20190516|387557519
1|600559|20190516|334939525
1|600388|20190516|470955216
1|600415|20190516|486640677
1|601996|20190516|230020822
1|600292|20190516|358333976
1|600598|20190516|601891373
1|600023|20190516|370376253
1|600012|20190516|103573881
1|600717|20190516|499116956
1|600387|20190516|382294497
1|601898|20190516|470047947
1|600196|20190516|1718523289
1|603323|20190516|695968327
1|600323|20190516|345265818
1|600566|20190516|465733061
1|601566|20190516|124131926
1|601997|20190516|1465834482
1|600663|20190516|308684249
1|600730|20190516|290349208
1|601198|20190516|823815244
1|600649|20190516|1394955081
1|600894|20190516|212450131
1|600565|20190516|385237034
1|600612|20190516|50691854
1|600201|20190516|1121634015
1|512000|20190516|216652525
1|600839|20190516|1041349318
1|601718|20190516|518424341
1|600584|20190516|1200128218
1|600004|20190516|137586712
1|600491|20190516|738025553
1|600483|20190516|177920098
1|600739|20190516|1583038060
1|600509|20190516|313344356
1|600805|20190516|374698505
1|601231|20190516|174825191
1|600110|20190516|785791498
1|600277|20190516|627183414
1|600222|20190516|367712688
1|600518|20190516|812630828
1|600478|20190516|524887146
1|600409|20190516|901336383
1|600373|20190516|619599113
1|600830|20190516|376474121
1|600220|20190516|254995682
1|600820|20190516|732001306
1|600158|20190516|839747747
1|600257|20190516|363174240
1|600838|20190516|285833193
1|600804|20190516|2018431212
1|600482|20190516|626182495
1|600688|20190516|332795789
1|600200|20190516|478273812
1|601216|20190516|921988844
1|600660|20190516|1049983216
1|600971|20190516|424125930
1|600089|20190516|1496163871
1|601699|20190516|760414194
1|600153|20190516|929467528
1|600580|20190516|615230279
1|601258|20190516|345176356
1|600078|20190516|284327348
1|601169|20190516|1411394758
1|600601|20190516|657403756
1|600884|20190516|968796236
1|600382|20190516|460273311
1|601633|20190516|253017348
1|600329|20190516|229967785
1|600525|20190516|822436547
1|600376|20190516|417940420
1|601636|20190516|434217503
1|601669|20190516|942170587
1|601002|20190516|484876181
1|600288|20190516|453441133
1|600022|20190516|895469358
1|600120|20190516|757619816
1|600449|20190516|425093175
1|600809|20190516|343650034
1|600500|20190516|737099602
1|600330|20190516|724889980
1|600426|20190516|718794981
1|600062|20190516|460832060
1|600528|20190516|779617800
1|600535|20190516|902385156
1|600160|20190516|1094491028
1|601789|20190516|312436307
1|600350|20190516|251373809
1|601727|20190516|794236367
1|600802|20190516|393707506
1|600568|20190516|542122579
1|600261|20190516|300391051
1|601006|20190516|1494645870
1|600481|20190516|296344955
1|600676|20190516|255650922
1|600711|20190516|1113301461
1|600611|20190516|455106776
1|600377|20190516|61263538
1|600171|20190516|931607074
1|601128|20190516|411975624
1|600690|20190516|825227058
1|600063|20190516|438485281
1|600125|20190516|665358254
1|600028|20190516|2584972061
1|600507|20190516|370582308
1|600776|20190516|812183433
1|601992|20190516|1024398219
1|600498|20190516|1440724612
1|600066|20190516|476040754
1|600487|20190516|2335019022
1|600664|20190516|632025342
1|600673|20190516|1436295473
1|600803|20190516|780206985
1|600490|20190516|1002440771
1|600755|20190516|1258013842
1|600068|20190516|1325296859
1|600999|20190516|1100533736
1|600230|20190516|729917206
1|601088|20190516|1024418686
1|600597|20190516|414704601
1|600380|20190516|552438340
1|600118|20190516|1205210855
1|600459|20190516|857422282
1|601388|20190516|381801641
1|600795|20190516|881577691
1|600594|20190516|416829190
1|601311|20190516|558202137
1|601398|20190516|2953244185
1|600307|20190516|568073370
1|600797|20190516|983863637
1|600705|20190516|1902704039
1|600155|20190516|716470871
1|600720|20190516|483063894
1|600177|20190516|1068946647
1|600816|20190516|1377216927
1|600170|20190516|376602046
1|600887|20190516|1595738429
1|600756|20190516|1072366984
1|600978|20190516|637784678
1|601888|20190516|837062827
1|600029|20190516|1163842170
1|601607|20190516|917838712
1|600893|20190516|1149383982
1|600009|20190516|345509110
1|600895|20190516|1395354096
1|600064|20190516|795830919
1|600325|20190516|1090360486
1|601958|20190516|532971887
1|600015|20190516|2524422441
1|600446|20190516|1658457911
1|600486|20190516|261938270
1|600079|20190516|691499001
1|600398|20190516|212983663
1|601238|20190516|541617050
1|600237|20190516|339403121
1|600332|20190516|1198922943
1|600348|20190516|515151523
1|600340|20190516|2104529483
1|601099|20190516|2111650331
1|600626|20190516|480952338
1|600596|20190516|1028816936
1|601012|20190516|820548261
1|601801|20190516|316511314
1|600831|20190516|661249234
1|600606|20190516|1367109426
1|600557|20190516|194084760
1|510300|20190516|13148589328
1|601021|20190516|360656868
1|600674|20190516|592688106
1|600640|20190516|464650730
1|601166|20190516|10883122618
1|600751|20190516|439054836
1|600383|20190516|2542353730
1|600748|20190516|730899111
1|601985|20190516|831170820
1|601881|20190516|1676495367
1|600175|20190516|538203328
1|513500|20190516|2520102427
1|600151|20190516|488601126
1|600166|20190516|1117170811
1|601168|20190516|1388457169
1|600742|20190516|714270527
1|600919|20190516|924406920
1|600624|20190516|702711851
1|600030|20190516|11653073643
1|601668|20190516|4807743967
1|600354|20190516|260593257
1|601777|20190516|718889791
1|600703|20190516|1991851464
1|600309|20190516|3773030751
1|601678|20190516|756336738
1|600006|20190516|414205656
1|601886|20190516|650064023
1|600900|20190516|1441350565
1|600048|20190516|3022436401
1|601225|20190516|1722554129
1|603000|20190516|1307889984
1|600801|20190516|1147420579
1|600239|20190516|489020137
1|601288|20190516|3981241505
1|600438|20190516|515294616
1|600775|20190516|714456438
1|601155|20190516|1919794650
1|601688|20190516|3987074205
1|600104|20190516|2238224259
1|600572|20190516|1587140294
1|510500|20190516|4973999217
1|600031|20190516|1707972806
1|600460|20190516|1386374264
1|600218|20190516|1011231824
1|601988|20190516|3101577761
