0|000725|20190716|8648990403
1|600519|20190716|8570717979
1|600887|20190716|1647658370
0|000333|20190716|1810374437
1|601318|20190716|23047543162
0|000876|20190716|2314359937
1|600009|20190716|498441550
0|002714|20190716|3456872774
0|002407|20190716|987251693
0|159920|20190716|18204077210
1|600141|20190716|804030698
1|600926|20190716|642664018
0|002414|20190716|948962567
0|000423|20190716|929638689
1|600198|20190716|219718416
1|601628|20190716|1059704412
0|002203|20190716|218782140
0|002195|20190716|1483422469
0|000651|20190716|5101170977
0|300014|20190716|994369179
1|600160|20190716|1066003174
1|600867|20190716|921037533
0|000963|20190716|747998737
0|002385|20190716|1138072137
1|603128|20190716|98569503
1|601678|20190716|838079143
1|600470|20190716|455871741
0|002475|20190716|1202360138
1|510050|20190716|14908891712
1|600748|20190716|720392650
0|159934|20190716|3303175668
1|600216|20190716|609942061
0|300122|20190716|1310715985
0|300058|20190716|865695703
0|159937|20190716|2616628945
1|600809|20190716|384817579
0|000661|20190716|1094871251
0|002142|20190716|641241692
0|300191|20190716|360857166
1|513030|20190716|19936074
1|601989|20190716|3345629002
1|600410|20190716|998284973
1|600967|20190716|772676305
0|300010|20190716|706462997
1|600535|20190716|869851715
0|000975|20190716|720177546
0|000503|20190716|1786777251
1|603799|20190716|65542364
0|001979|20190716|881377826
0|300001|20190716|710402061
1|600436|20190716|1000839519
0|000970|20190716|1074681620
0|300253|20190716|850430081
1|600801|20190716|1012893927
1|600276|20190716|1116007933
0|000895|20190716|733542987
1|600521|20190716|534011087
1|601988|20190716|2399181162
1|600132|20190716|184812481
0|159919|20190716|1102774725
0|000069|20190716|1607351811
0|002011|20190716|348710644
0|300251|20190716|728400947
1|600585|20190716|1630287507
1|600872|20190716|433410807
0|000999|20190716|351448529
1|600422|20190716|1068638755
0|002007|20190716|715640386
1|600789|20190716|646021764
0|000877|20190716|548923279
1|600096|20190716|390815289
1|600115|20190716|559126426
0|300144|20190716|140271051
0|000629|20190716|431127404
0|002250|20190716|382366940
1|600366|20190716|735960742
0|002415|20190716|2241424531
0|000738|20190716|684566219
0|002004|20190716|462226639
0|001872|20190716|155574673
0|300274|20190716|625041087
1|600026|20190716|318142135
1|600487|20190716|2256913683
0|002736|20190716|595650382
1|600831|20190716|628042639
1|601933|20190716|587612112
0|002557|20190716|162571625
0|000712|20190716|968432482
0|002202|20190716|744911124
1|601857|20190716|2122237446
0|002304|20190716|796848389
1|600197|20190716|421592279
0|000568|20190716|981733863
1|600267|20190716|566378540
0|002482|20190716|409564062
1|600110|20190716|781952268
1|600438|20190716|706658722
0|002153|20190716|354769181
0|002701|20190716|603882658
0|002538|20190716|258706849
0|000536|20190716|408280294
1|600660|20190716|1029956374
1|601766|20190716|2209661959
1|600873|20190716|575229087
1|600703|20190716|2169709761
1|600775|20190716|523213182
0|000921|20190716|169460109
1|600201|20190716|1013388524
1|600025|20190716|53712200
0|002456|20190716|2079450617
1|600547|20190716|1764466890
1|600377|20190716|71595654
1|601872|20190716|376009072
0|000538|20190716|487858524
1|600855|20190716|396043891
0|002023|20190716|1115150638
0|002002|20190716|733201733
1|600196|20190716|1579594563
1|601919|20190716|466228397
0|002555|20190716|191956675
0|002152|20190716|600267306
0|000043|20190716|267169596
0|000723|20190716|124569164
1|600587|20190716|352604840
0|002191|20190716|1228483683
0|000731|20190716|436715934
0|000825|20190716|928504963
0|002466|20190716|1141543892
1|600993|20190716|378241572
0|002556|20190716|292594046
1|601231|20190716|224642201
1|600239|20190716|427331440
0|000728|20190716|1726569101
1|600063|20190716|435197053
1|600886|20190716|2055137511
1|600677|20190716|842413628
1|600406|20190716|1692082677
1|600056|20190716|689538858
1|600363|20190716|560648161
1|600222|20190716|310325380
1|600316|20190716|713088825
0|300205|20190716|530098828
1|600059|20190716|453178995
1|600017|20190716|374469569
0|000040|20190716|432450804
1|601881|20190716|1979289502
0|000415|20190716|680256032
1|600737|20190716|799853455
0|002056|20190716|604385876
0|000513|20190716|349171920
0|000690|20190716|1225859084
1|600449|20190716|390801021
0|000717|20190716|587557810
1|600383|20190716|2485899481
1|600282|20190716|491075727
1|601880|20190716|244499200
1|600637|20190716|1290243745
1|600380|20190716|407877551
0|300182|20190716|584433837
1|601021|20190716|378805727
1|600259|20190716|653287060
1|600266|20190716|1645823998
1|600497|20190716|822462025
1|600435|20190716|832562585
1|600588|20190716|3368083798
0|000996|20190716|663559315
0|000830|20190716|1505818588
1|600583|20190716|511275319
0|000078|20190716|418460939
0|000898|20190716|608728742
0|002025|20190716|848963105
0|000732|20190716|1094311231
1|600104|20190716|2168032072
0|002410|20190716|282359601
1|601111|20190716|554254277
1|600372|20190716|646138149
1|601108|20190716|2630516149
0|000402|20190716|751596818
0|000089|20190716|431400826
0|300146|20190716|862694301
1|600616|20190716|260163665
1|600073|20190716|753443242
0|300133|20190716|747438695
1|600741|20190716|356628111
0|002104|20190716|644954917
0|002179|20190716|300024489
0|002500|20190716|1758212478
0|300273|20190716|664325137
0|000969|20190716|502996743
1|601006|20190716|1437991396
1|600062|20190716|430781048
0|002049|20190716|2079533767
0|000930|20190716|723851310
1|600875|20190716|1094293688
1|600088|20190716|317590071
1|600612|20190716|85714080
0|002508|20190716|413012007
0|002262|20190716|414020067
1|603766|20190716|324365787
0|002302|20190716|397983374
1|601888|20190716|799910769
0|001696|20190716|329924378
1|601992|20190716|969307231
0|002573|20190716|548795831
1|603885|20190716|10146502
0|300070|20190716|1360569447
1|600346|20190716|54423740
1|600736|20190716|50785728
1|600730|20190716|284969899
0|000700|20190716|181221351
1|600805|20190716|377156346
0|002266|20190716|470133365
1|600085|20190716|618389739
0|002294|20190716|689129299
1|600019|20190716|1010854000
1|601633|20190716|331517204
0|000531|20190716|207067451
0|002110|20190716|726519542
1|600153|20190716|726464640
0|300015|20190716|570322483
0|000060|20190716|1117138169
1|600332|20190716|983360890
1|600331|20190716|248176877
1|600007|20190716|271568617
0|000540|20190716|1272029854
0|002118|20190716|552064915
0|002048|20190716|365501896
0|000839|20190716|1168981214
0|000671|20190716|973821673
1|600199|20190716|362051906
0|002229|20190716|430062879
0|002273|20190716|767271612
1|600509|20190716|357939104
1|600500|20190716|713916735
0|002093|20190716|495747740
1|600093|20190716|57256129
1|600750|20190716|425111392
1|600170|20190716|347223349
0|002223|20190716|321557034
0|300157|20190716|664173873
0|002307|20190716|417110249
1|603858|20190716|637787064
1|601118|20190716|1069749505
0|000789|20190716|550072127
0|000680|20190716|333068070
0|000973|20190716|393008851
1|600900|20190716|1367996718
0|000031|20190716|493337246
1|600230|20190716|636856884
1|601515|20190716|390357862
1|600598|20190716|562474230
0|000726|20190716|116727932
1|600175|20190716|403982468
1|600881|20190716|644795235
1|600389|20190716|347896331
0|002416|20190716|230953818
1|512090|20190716|5103581
0|002400|20190716|495582377
1|600770|20190716|625121004
1|600604|20190716|981176521
0|300128|20190716|613257300
0|000036|20190716|354103109
0|000801|20190716|358178330
0|000656|20190716|1026391219
1|600456|20190716|602451242
0|000665|20190716|324288720
0|000002|20190716|2198336099
1|600458|20190716|458866336
0|000027|20190716|314334406
0|002230|20190716|3744373104
0|000090|20190716|296461542
0|300147|20190716|414312699
1|600482|20190716|609695886
1|600066|20190716|377990532
1|601233|20190716|1593914050
1|600343|20190716|405951052
1|601168|20190716|1231264890
1|600037|20190716|528575956
1|600023|20190716|319036312
0|002285|20190716|427248060
1|600415|20190716|472518972
1|600260|20190716|1707776597
0|002461|20190716|225496684
1|600515|20190716|431386282
0|000062|20190716|506959929
1|600326|20190716|546264196
1|600645|20190716|885011108
0|000957|20190716|294158511
1|600118|20190716|1188970609
0|002148|20190716|447968005
1|600416|20190716|484778988
1|600460|20190716|1265855112
1|600158|20190716|809838323
0|159922|20190716|18946942
1|600839|20190716|1069801719
0|002092|20190716|1056643141
0|002367|20190716|402877096
1|600684|20190716|388180101
0|000878|20190716|763625867
1|600318|20190716|352219684
1|601928|20190716|277255792
1|600800|20190716|326753211
0|000966|20190716|176685919
0|159952|20190716|36397649
0|002369|20190716|609898579
1|600802|20190716|361586858
0|002563|20190716|58360164
1|600398|20190716|179610456
1|603000|20190716|1134719696
1|600838|20190716|274114243
1|600668|20190716|687669675
0|000623|20190716|1190310049
0|159939|20190716|27956088
1|600300|20190716|509582168
1|600600|20190716|402672069
0|000983|20190716|755358420
1|600707|20190716|463877535
1|600120|20190716|715128679
0|002393|20190716|360026541
0|002444|20190716|350290726
1|600489|20190716|1467898765
1|601818|20190716|1576789227
1|600643|20190716|778450777
0|000400|20190716|511980220
0|002318|20190716|363344174
1|600557|20190716|181276340
1|600642|20190716|328829156
1|600874|20190716|425459607
0|002146|20190716|1080150463
0|002181|20190716|219182294
0|159901|20190716|184055455
0|000800|20190716|956015924
1|600336|20190716|285079734
0|002138|20190716|395859201
1|600107|20190716|318098073
0|000488|20190716|650004856
0|000627|20190716|620325973
0|300433|20190716|169774639
1|601608|20190716|521311909
0|300024|20190716|1404373308
1|603001|20190716|132776333
0|000869|20190716|271428740
0|002595|20190716|41189492
1|600116|20190716|399631937
1|600744|20190716|195095089
1|600481|20190716|261554043
1|600495|20190716|355181216
0|000937|20190716|490820772
0|000631|20190716|246827659
1|600077|20190716|270546498
1|600169|20190716|284260661
1|600237|20190716|327983025
1|600028|20190716|2198894620
0|002128|20190716|556838135
0|002600|20190716|539054058
1|600123|20190716|711642355
0|002353|20190716|414888805
1|600048|20190716|2517121656
1|512510|20190716|659470
1|512980|20190716|17516478
1|600523|20190716|494607736
0|002310|20190716|1026860543
0|002106|20190716|577680735
0|000718|20190716|312832783
1|600058|20190716|274467405
1|600751|20190716|388767550
0|002603|20190716|610946968
1|600310|20190716|176270395
0|002372|20190716|152869420
0|002521|20190716|368464378
1|512040|20190716|3136922
1|600483|20190716|158763338
1|600655|20190716|405826089
1|510580|20190716|430292
1|600537|20190716|348955364
0|000551|20190716|430741408
1|600761|20190716|281372870
1|600651|20190716|189691375
1|510850|20190716|1131206
1|601139|20190716|171288385
0|002081|20190716|333865731
1|512010|20190716|14456344
1|601688|20190716|4843321194
1|512500|20190716|33342942
0|002075|20190716|754204912
1|512580|20190716|8661166
0|000709|20190716|1236806569
1|600971|20190716|386014156
0|002561|20190716|107532785
1|601866|20190716|444326842
0|000501|20190716|301195035
1|601238|20190716|542980130
0|159948|20190716|6757349
0|002091|20190716|424125526
1|512160|20190716|2715516
1|600626|20190716|452846253
1|600200|20190716|435746545
0|000006|20190716|646597338
1|600257|20190716|361510038
1|512290|20190716|572420
0|000537|20190716|426194120
0|002275|20190716|161697026
1|512180|20190716|1017553
1|600220|20190716|239049826
1|600582|20190716|418936404
0|159925|20190716|1507646
0|159965|20190716|88273
0|159910|20190716|324628
1|600039|20190716|376274599
0|159916|20190716|57368
1|512960|20190716|98
0|159959|20190716|41476
1|510590|20190716|12136237
1|512990|20190716|965913
1|510390|20190716|392193
0|000901|20190716|646929898
1|510710|20190716|1996772
1|510810|20190716|803519
0|002064|20190716|270229656
1|512900|20190716|893779
1|510180|20190716|209307658
0|000758|20190716|541480174
0|002252|20190716|869032952
1|512280|20190716|1530347
0|000786|20190716|391553547
1|600543|20190716|291555195
0|002027|20190716|1805136528
1|510510|20190716|13355266
1|600662|20190716|349497276
0|300257|20190716|354986409
1|510230|20190716|12267767
1|512950|20190716|683938
1|600548|20190716|48340782
0|002437|20190716|345541985
1|510160|20190716|497792
0|000100|20190716|2242600584
0|000667|20190716|263747986
1|600674|20190716|546513452
1|601000|20190716|490611928
1|600033|20190716|228038947
1|600409|20190716|819657693
1|600459|20190716|764590693
1|512380|20190716|621210
1|600223|20190716|320033267
1|600467|20190716|247966130
1|600206|20190716|952565423
1|600787|20190716|511425588
1|600486|20190716|217407037
1|600269|20190716|329782228
0|002269|20190716|112807209
1|600307|20190716|540602865
1|512070|20190716|13696218
1|600601|20190716|629895985
1|600827|20190716|410250897
1|600187|20190716|334156860
0|159938|20190716|24885623
1|600771|20190716|933679757
0|002439|20190716|315653306
0|000541|20190716|222370885
0|159902|20190716|40709131
0|002271|20190716|353761118
1|600851|20190716|268308431
0|000767|20190716|109733808
1|600575|20190716|499514854
0|002572|20190716|213718129
1|600067|20190716|367983372
0|300226|20190716|602545408
1|600976|20190716|365592081
0|002130|20190716|385675456
0|000928|20190716|291627106
0|000848|20190716|312279212
1|601179|20190716|361589127
0|002063|20190716|714577857
1|600395|20190716|357741377
0|300020|20190716|707672043
1|601929|20190716|334855767
1|600162|20190716|183479691
1|600676|20190716|244637736
1|600285|20190716|281768929
1|600086|20190716|146790801
1|600551|20190716|211384983
1|600639|20190716|202314316
1|510310|20190716|12274749
0|002221|20190716|760348222
1|600688|20190716|309673995
0|002051|20190716|636334824
1|601991|20190716|444369334
1|600323|20190716|341559643
1|600649|20190716|1303865411
0|002739|20190716|931917927
0|000932|20190716|900030404
1|600661|20190716|567795295
1|600756|20190716|996792949
0|000616|20190716|375468488
1|600221|20190716|1079560403
1|601258|20190716|313443883
1|600251|20190716|271187685
0|000887|20190716|582314991
1|600673|20190716|1335971510
1|601126|20190716|208668234
0|000552|20190716|249740577
1|601098|20190716|251966443
1|600578|20190716|263317824
0|000899|20190716|93909734
0|002653|20190716|137246318
0|000607|20190716|335708322
1|601901|20190716|804446013
1|600694|20190716|446424513
0|002071|20190716|146937119
1|600499|20190716|602786705
1|600835|20190716|232561843
0|002180|20190716|295114921
0|002401|20190716|382058570
1|600139|20190716|234312226
0|002140|20190716|253069659
0|002154|20190716|234905748
1|601211|20190716|2650342269
0|002028|20190716|647136214
1|600783|20190716|662557482
1|601107|20190716|114014251
0|002375|20190716|301047556
1|510880|20190716|28501650
1|600098|20190716|261770359
0|002267|20190716|309399586
1|601566|20190716|90324696
1|601218|20190716|246096202
1|600108|20190716|591707785
1|600635|20190716|1215983348
0|002085|20190716|247673548
1|600716|20190716|284658878
1|600594|20190716|391555363
0|002293|20190716|237221266
1|600168|20190716|107883294
1|600433|20190716|593811670
1|600790|20190716|297670811
1|601996|20190716|218269592
0|000046|20190716|608868553
1|600711|20190716|1099133748
1|600545|20190716|307751977
0|002204|20190716|290620314
1|512800|20190716|65885503
1|600183|20190716|588586976
1|600252|20190716|497371042
0|000417|20190716|312084981
1|600060|20190716|689986031
1|600330|20190716|693522559
1|600292|20190716|367671829
0|002470|20190716|325156196
1|600387|20190716|370937099
1|600135|20190716|401072617
0|000009|20190716|1263350766
0|002429|20190716|417607735
0|000401|20190716|748972858
0|300002|20190716|736774049
0|002577|20190716|236259522
0|300055|20190716|588097259
1|600012|20190716|90017356
0|000739|20190716|339036712
1|601789|20190716|271599687
1|600503|20190716|679696141
0|000550|20190716|98522214
0|002001|20190716|1522688266
1|600987|20190716|145291782
1|600653|20190716|214949104
1|601808|20190716|297478001
0|000828|20190716|267745449
0|000539|20190716|398912313
1|600620|20190716|311239333
0|002095|20190716|438227987
0|002055|20190716|485289008
0|000151|20190716|352326528
1|601225|20190716|1041272198
1|603589|20190716|8062970
1|601877|20190716|405042564
0|002311|20190716|133020171
0|159905|20190716|10815562
1|600879|20190716|1022320272
1|600446|20190716|1689413382
0|000811|20190716|531720570
1|600690|20190716|811646031
1|600333|20190716|210582679
0|002465|20190716|939405853
0|000762|20190716|493814806
1|600146|20190716|400108686
0|002251|20190716|229324315
1|513050|20190716|842500080
0|002074|20190716|1156506737
0|000404|20190716|447009381
0|000061|20190716|481924400
0|000812|20190716|341346245
1|600185|20190716|277920405
0|000030|20190716|109795349
0|000708|20190716|110551527
1|600236|20190716|120281129
0|002050|20190716|412011278
1|600722|20190716|229442147
0|002640|20190716|628665839
1|600901|20190716|417036800
1|600667|20190716|840472276
1|512660|20190716|68230250
0|000088|20190716|203711597
1|600373|20190716|500928948
1|600717|20190716|442301051
1|601727|20190716|728291975
0|002474|20190716|431393757
0|002067|20190716|511866816
1|600568|20190716|449821490
1|600895|20190716|1287435761
1|600064|20190716|748727122
0|000685|20190716|370289453
0|002242|20190716|122999191
1|600079|20190716|613486246
1|601717|20190716|672269651
1|600648|20190716|1085309593
0|000989|20190716|336279268
0|000156|20190716|690181776
1|600664|20190716|619214950
1|600125|20190716|628839079
1|600386|20190716|244427138
1|601018|20190716|588581586
1|600021|20190716|204279888
0|002022|20190716|507212839
0|000900|20190716|348140961
1|600739|20190716|1488209590
1|600478|20190716|474222843
1|600880|20190716|365579042
1|600006|20190716|385577795
0|000049|20190716|302943534
1|600773|20190716|435418315
1|600859|20190716|278579094
1|600742|20190716|641101010
1|600229|20190716|257388416
0|300199|20190716|486467573
1|601718|20190716|497950206
0|002161|20190716|465271138
0|000543|20190716|307994363
1|601886|20190716|633396445
1|600350|20190716|229501873
1|600718|20190716|1124952562
0|300168|20190716|1675423867
1|600376|20190716|396165336
0|000059|20190716|682890653
0|000933|20190716|327897653
1|601999|20190716|139788172
0|000028|20190716|215979013
0|002016|20190716|321104542
0|002287|20190716|141807122
1|600008|20190716|541085553
1|600354|20190716|348328298
0|000883|20190716|265738253
0|002681|20190716|335965135
0|000793|20190716|673466806
1|600611|20190716|415476480
1|512000|20190716|267324213
1|601958|20190716|456976475
1|601199|20190716|105904614
1|600816|20190716|1334572085
0|002424|20190716|352983589
1|601699|20190716|597270167
0|300203|20190716|431247143
0|002108|20190716|573341553
1|600868|20190716|577269928
0|002419|20190716|123785812
0|300202|20190716|386735153
1|601001|20190716|300516084
0|000565|20190716|153069635
1|601158|20190716|141189039
1|600743|20190716|211750525
1|600511|20190716|184082113
1|600122|20190716|244355138
1|510330|20190716|87281526
1|600811|20190716|1299821396
1|600863|20190716|390232352
1|600320|20190716|264634084
0|000829|20190716|296110924
1|601666|20190716|376219274
1|600502|20190716|456702129
1|600699|20190716|798056288
0|002277|20190716|579735515
1|600704|20190716|520020982
1|600388|20190716|444480018
0|002313|20190716|641351436
1|601117|20190716|784409942
0|000525|20190716|447895041
0|000719|20190716|95402795
0|000777|20190716|411945813
0|159928|20190716|15652425
0|000598|20190716|449205845
1|600337|20190716|253779449
1|600640|20190716|412984284
0|002292|20190716|434620449
1|600362|20190716|1138278708
0|002648|20190716|603761470
1|600998|20190716|878361667
0|000559|20190716|907532254
0|002574|20190716|281513280
1|600825|20190716|331745556
0|000905|20190716|211477292
1|601898|20190716|470106271
0|002662|20190716|300476205
1|600705|20190716|1751815432
1|600020|20190716|562769826
0|002276|20190716|461678049
0|000600|20190716|153746112
0|300072|20190716|1443839683
0|000039|20190716|793572606
0|002183|20190716|867299737
1|601669|20190716|827554010
1|600846|20190716|570862709
0|000554|20190716|301216272
0|002236|20190716|1076440345
1|600692|20190716|315340987
0|300026|20190716|416351492
1|600686|20190716|364105451
1|600293|20190716|271344934
1|601800|20190716|717998767
1|600517|20190716|628827280
1|600823|20190716|416004669
1|600804|20190716|1757210375
1|601777|20190716|489673821
1|601101|20190716|430402158
0|000528|20190716|576513227
1|600382|20190716|461864408
1|600348|20190716|490765710
0|002325|20190716|463684002
0|000012|20190716|494798897
1|600004|20190716|166763393
0|002518|20190716|267165871
1|600765|20190716|653075494
0|300296|20190716|452750892
1|600392|20190716|1300447528
0|002158|20190716|329296349
0|002244|20190716|326823096
0|000516|20190716|811446367
1|601801|20190716|306413978
1|603169|20190716|190154818
1|600563|20190716|155157386
1|600884|20190716|791094882
0|001896|20190716|216178133
0|002355|20190716|272599753
0|000778|20190716|1208474683
1|600297|20190716|354516202
1|600022|20190716|828941926
1|600284|20190716|395510510
0|002079|20190716|471407448
1|601288|20190716|3676790011
1|600820|20190716|738177967
1|600029|20190716|1163195304
1|600663|20190716|272532056
0|000761|20190716|288046196
0|002408|20190716|805082075
1|600491|20190716|735758367
0|000960|20190716|1036111669
1|601009|20190716|1620574285
1|600151|20190716|504491416
1|601997|20190716|1281912592
0|300039|20190716|382065617
1|600893|20190716|1205414557
0|002431|20190716|497957105
0|000099|20190716|295717312
1|600978|20190716|563755947
0|300113|20190716|582308826
1|600507|20190716|360758020
0|002368|20190716|1085826025
0|000926|20190716|756335648
0|002029|20190716|323952739
0|002673|20190716|1701122598
1|601985|20190716|808452058
0|000166|20190716|1291080389
1|601588|20190716|266899693
1|600776|20190716|725955464
1|600188|20190716|500201527
1|600740|20190716|587508853
1|600757|20190716|354726218
1|600256|20190716|1465474024
0|002176|20190716|830375195
1|600894|20190716|196141850
1|600335|20190716|325013805
0|000915|20190716|280836572
1|601333|20190716|532093392
0|002344|20190716|335568832
1|600633|20190716|572722050
1|600113|20190716|277417674
1|601166|20190716|10795869853
1|600277|20190716|577376221
1|600161|20190716|726062063
1|600312|20190716|458968603
1|600155|20190716|785761974
1|600525|20190716|789396334
1|600759|20190716|525487424
0|000630|20190716|940298073
0|000563|20190716|1028115768
1|600729|20190716|695240212
0|000703|20190716|490994686
1|601336|20190716|1464247087
0|159949|20190716|254951528
1|600010|20190716|1746251518
0|002476|20190716|334292750
0|002378|20190716|453126836
1|600100|20190716|1848356390
1|600624|20190716|666606277
1|600528|20190716|722525182
1|603993|20190716|1322757028
1|600426|20190716|612074859
1|600166|20190716|1007046382
0|000596|20190716|164714433
0|300079|20190716|1254586535
1|601390|20190716|1567204457
0|002217|20190716|951819800
0|002317|20190716|431384708
1|600777|20190716|678346111
1|600559|20190716|444931470
0|002078|20190716|416983349
0|000008|20190716|375242246
0|002493|20190716|413580266
1|600068|20190716|1263347662
0|002588|20190716|140112525
1|600999|20190716|971791909
1|600309|20190716|3019398871
1|600830|20190716|356013393
0|002073|20190716|391156707
1|600490|20190716|925026435
0|000581|20190716|696598053
0|002308|20190716|535409010
1|600755|20190716|1141786286
1|601618|20190716|1068941541
0|300115|20190716|541693730
1|600177|20190716|872821101
1|600094|20190716|1104823315
1|600271|20190716|1453275875
1|600549|20190716|889506740
0|002396|20190716|1002662290
0|000961|20190716|456731838
1|601668|20190716|4156175155
1|600143|20190716|464124803
1|600157|20190716|591627906
0|000851|20190716|729918940
1|600728|20190716|1349136149
0|002151|20190716|601698592
0|002117|20190716|560458901
1|600210|20190716|404303696
1|601636|20190716|378651812
0|002233|20190716|653865191
1|601198|20190716|851118128
1|601788|20190716|1800924148
1|600219|20190716|1018441754
0|002065|20190716|1586804875
1|600138|20190716|502526871
0|002428|20190716|550287111
1|600797|20190716|963411428
1|600596|20190716|897403151
1|601002|20190716|394368252
1|600609|20190716|212506895
0|002646|20190716|244743996
0|000157|20190716|661761988
0|300065|20190716|516882153
1|512880|20190716|753351484
1|600720|20190716|436141972
1|600565|20190716|337782982
1|600329|20190716|243618572
0|000650|20190716|947872725
0|300355|20190716|838783462
1|600208|20190716|861647386
0|002099|20190716|527420969
1|601388|20190716|350224831
0|000860|20190716|660523789
0|002340|20190716|1601748654
0|002467|20190716|745241681
0|002597|20190716|438326208
1|600288|20190716|536946395
0|300027|20190716|891944981
1|601038|20190716|230426404
1|600826|20190716|294959291
1|600109|20190716|2230122788
1|600391|20190716|497018013
1|601998|20190716|703629582
0|300124|20190716|464833481
0|002594|20190716|1701365052
0|002041|20190716|296541864
0|000997|20190716|964904695
0|002399|20190716|728562457
1|603369|20190716|197420059
0|000592|20190716|690063935
1|601369|20190716|311449014
0|000625|20190716|788147824
0|002261|20190716|651144025
0|002024|20190716|3222956245
1|600803|20190716|650365579
0|000686|20190716|1423908781
0|002579|20190716|312422500
0|300034|20190716|408083247
0|002299|20190716|1054652286
1|600315|20190716|719620487
0|000988|20190716|1269837336
1|600015|20190716|2373649604
0|300212|20190716|970234233
1|600592|20190716|625482562
1|600089|20190716|1370155579
1|600580|20190716|525111410
1|600808|20190716|630978811
1|600027|20190716|364458860
1|600011|20190716|303845618
1|601088|20190716|806022542
1|600702|20190716|728607969
1|601169|20190716|1433304154
0|000768|20190716|1121636875
1|600369|20190716|1062742455
0|000998|20190716|995401680
1|600795|20190716|797566485
1|600522|20190716|2212879896
1|600038|20190716|873510646
1|600919|20190716|750839035
1|600325|20190716|1069262698
1|600516|20190716|2848395848
0|300088|20190716|1233308972
1|601607|20190716|888786679
1|600566|20190716|373318556
0|002032|20190716|142253115
0|002440|20190716|554617353
0|300033|20190716|1929986308
1|600050|20190716|3999414066
0|000729|20190716|620429363
0|002281|20190716|1173339653
0|000826|20190716|1248470612
0|000902|20190716|241682421
1|513500|20190716|2641310268
1|601128|20190716|342433084
1|600597|20190716|547691394
1|510300|20190716|12847281873
1|601012|20190716|1182973365
1|600466|20190716|607665408
1|600572|20190716|1386334210
1|600273|20190716|1251959201
1|600782|20190716|693225404
1|600218|20190716|854071738
1|600171|20190716|1098231056
1|603323|20190716|604563778
0|002038|20190716|1241127636
1|601138|20190716|1330088953
1|601555|20190716|1511429258
0|002460|20190716|2274677160
0|000413|20190716|2189926829
1|600018|20190716|1558402550
1|601229|20190716|980664187
0|002129|20190716|1235006490
0|000063|20190716|4602784269
0|002237|20190716|1453509564
0|000823|20190716|744833317
1|600584|20190716|1327423084
1|600970|20190716|951297670
1|601186|20190716|2399211596
1|600340|20190716|1828546515
0|000807|20190716|787407410
0|000338|20190716|2138085047
1|600078|20190716|280357077
0|002371|20190716|968648225
1|600352|20190716|4420992447
1|600261|20190716|220331457
1|601311|20190716|493495572
0|000938|20190716|1003163586
1|601939|20190716|1474655027
0|300059|20190716|7915392475
1|513100|20190716|2116028249
0|300053|20190716|833642581
0|002241|20190716|1109280682
0|002185|20190716|1109053216
1|601216|20190716|944255184
1|601099|20190716|2050290964
0|002268|20190716|1529636225
0|002042|20190716|563487956
1|601328|20190716|2501361815
0|000425|20190716|961957666
1|601600|20190716|1622157388
0|300170|20190716|1397705481
1|601377|20190716|2397498308
0|002405|20190716|1755617800
1|600298|20190716|346508626
1|600606|20190716|1349838425
1|600031|20190716|1445098606
1|600000|20190716|3930148825
0|000050|20190716|1842910694
1|601601|20190716|1655740248
1|600498|20190716|1453540883
1|601899|20190716|1710282913
1|601398|20190716|2764206288
0|300003|20190716|1015105388
0|300017|20190716|2762117672
1|600030|20190716|11143348860
1|600418|20190716|506748201
1|600061|20190716|492036813
1|600958|20190716|1536414811
1|600837|20190716|4850439778
0|000977|20190716|2430396239
0|000783|20190716|1278849742
1|600111|20190716|2311316466
0|000776|20190716|2864073072
1|510500|20190716|5135298592
1|600570|20190716|3283812788
0|159915|20190716|482885061
1|518880|20190716|15386989449
1|600536|20190716|1776947462
0|002008|20190716|1351446085
0|000790|20190716|405961725
1|600016|20190716|8334579255
0|300498|20190716|1363419396
1|600176|20190716|1334447034
1|600036|20190716|3328641356
0|000001|20190716|3564091759
1|510900|20190716|24874948620
0|300136|20190716|1862631469
0|000750|20190716|1597274392
0|000858|20190716|4498456071
1|601155|20190716|1750578853
