1|600460|20190513|1422479135
1|600018|20190513|1645387292
1|601318|20190513|23451732253
1|513100|20190513|2059009266
1|600598|20190513|602085841
1|600588|20190513|3398607915
1|600019|20190513|1377039236
1|601108|20190513|2473353497
1|600677|20190513|912334948
1|601988|20190513|3270791575
1|518880|20190513|15506763167
1|601288|20190513|4062127863
1|601857|20190513|2085949100
1|600048|20190513|3078632836
1|600570|20190513|3375304262
1|510900|20190513|25657898950
1|513500|20190513|2423119414
1|600016|20190513|9195611718
1|600196|20190513|1784798256
1|600009|20190513|323919312
1|600801|20190513|1183977950
1|601169|20190513|1398057245
1|600626|20190513|464931216
1|600584|20190513|1194717663
1|601018|20190513|675066840
1|600104|20190513|2269300767
1|600309|20190513|3838102101
1|600354|20190513|269179396
1|601398|20190513|3006118143
1|601628|20190513|937511786
1|600170|20190513|394070893
1|600108|20190513|581960983
1|600604|20190513|1158103868
1|600406|20190513|1251990692
1|600028|20190513|2620143687
1|600820|20190513|734013119
1|600284|20190513|331153658
1|600998|20190513|841028608
1|600741|20190513|378871184
1|600597|20190513|431704087
1|600310|20190513|209541758
1|601998|20190513|747526046
1|601800|20190513|827391675
1|601111|20190513|625809556
1|600872|20190513|463119137
1|600160|20190513|1104508460
1|600115|20190513|623508100
1|600060|20190513|751523127
1|600756|20190513|1066091938
1|600703|20190513|1957079308
1|600063|20190513|442865153
1|601229|20190513|956768062
1|601886|20190513|673351122
1|600073|20190513|656357252
1|600036|20190513|3141889803
1|601717|20190513|707805014
1|600118|20190513|1180983215
1|600575|20190513|592141918
1|601002|20190513|493708847
1|600919|20190513|931902827
1|600219|20190513|1118823468
1|601866|20190513|475227284
1|600029|20190513|1178709766
1|600737|20190513|794180368
1|601128|20190513|406720734
1|600216|20190513|605302733
1|600132|20190513|169728649
1|601231|20190513|182270028
1|600777|20190513|667536240
1|600879|20190513|1014428632
1|601336|20190513|1069769131
1|600197|20190513|387244976
1|600459|20190513|881186294
1|600059|20190513|368803254
1|600486|20190513|278195521
1|600039|20190513|400858927
1|600343|20190513|430476346
1|600640|20190513|460428863
1|600886|20190513|2187742057
1|600868|20190513|647159087
1|601225|20190513|1788870947
1|600718|20190513|1155889533
1|600543|20190513|286690677
1|600271|20190513|1628833815
1|600171|20190513|912232617
1|600855|20190513|362716325
1|600839|20190513|1041959856
1|600398|20190513|234681378
1|600800|20190513|358697612
1|600776|20190513|793247311
1|600525|20190513|830859946
1|601898|20190513|489190076
1|601789|20190513|322862231
1|600383|20190513|2583915760
1|600422|20190513|1106613328
1|601818|20190513|1531296209
1|600208|20190513|821597574
1|600362|20190513|1168384651
1|600259|20190513|561318554
1|600135|20190513|432744408
1|601021|20190513|365632146
1|600183|20190513|434012056
1|600811|20190513|1134604698
1|600158|20190513|844060078
1|601618|20190513|1158108479
1|600210|20190513|445328956
1|600873|20190513|508945600
1|600410|20190513|1058250288
1|601107|20190513|139063587
1|600645|20190513|920430524
1|601766|20190513|2451947589
1|601877|20190513|418955006
1|600971|20190513|419503473
1|600673|20190513|1452047909
1|600901|20190513|460946028
1|600315|20190513|822996826
1|510300|20190513|13084766530
1|600206|20190513|717931276
1|600056|20190513|723137750
1|600490|20190513|1012950959
1|600616|20190513|248931772
1|600559|20190513|330818348
1|601009|20190513|1827497428
1|600470|20190513|412076785
1|600497|20190513|891283543
1|600545|20190513|365016956
1|600123|20190513|741797174
1|600110|20190513|781484225
1|601669|20190513|954546071
1|601101|20190513|434602440
1|600893|20190513|1143090064
1|600151|20190513|495364955
1|600775|20190513|716636332
1|601929|20190513|346449782
1|600970|20190513|966238528
1|512880|20190513|405829988
1|600587|20190513|315839436
1|600690|20190513|846418706
1|600389|20190513|345415364
1|600335|20190513|393992256
1|600017|20190513|375878284
1|600684|20190513|409675108
1|600827|20190513|460067602
1|600111|20190513|2165049938
1|601155|20190513|1909649292
1|601390|20190513|1774407312
1|600023|20190513|374272604
1|518800|20190513|132544409
1|601928|20190513|301975731
1|600770|20190513|599483462
1|600491|20190513|740872882
1|600337|20190513|284100113
1|600008|20190513|563313601
1|600096|20190513|352084044
1|601808|20190513|308442532
1|600742|20190513|739648963
1|600688|20190513|338489865
1|600863|20190513|354993118
1|600583|20190513|530997704
1|510330|20190513|66588973
1|601991|20190513|441576092
1|600038|20190513|832980359
1|600466|20190513|608538821
1|600729|20190513|672470385
1|600744|20190513|176576632
1|601666|20190513|438942516
1|601218|20190513|284546076
1|601801|20190513|330618171
1|600388|20190513|476742570
1|600773|20190513|459204543
1|600077|20190513|268761609
1|601139|20190513|207824164
1|603323|20190513|707916820
1|600293|20190513|286826653
1|600830|20190513|383891686
1|600458|20190513|330750888
1|600757|20190513|377786942
1|601179|20190513|380922502
1|600320|20190513|269936863
1|600823|20190513|384836293
1|600348|20190513|538856449
1|600467|20190513|264454695
1|510710|20190513|1924279
1|601566|20190513|126299570
1|600664|20190513|670291192
1|600743|20190513|217242709
1|600851|20190513|273171049
1|600557|20190513|213219854
1|600033|20190513|230837239
1|512280|20190513|866496
1|600611|20190513|454262004
1|512070|20190513|11348997
1|600223|20190513|318536039
1|512950|20190513|1257981
1|512160|20190513|4769441
1|600642|20190513|387563187
1|510880|20190513|26989985
1|600808|20190513|696317493
1|601333|20190513|635070916
1|513050|20190513|917875673
1|510230|20190513|12038914
1|512660|20190513|56881200
1|601880|20190513|253555219
1|603858|20190513|734215749
1|512090|20190513|4583259
1|600499|20190513|648902032
1|600318|20190513|349870705
1|600835|20190513|257756624
1|510390|20190513|351184
1|512180|20190513|847811
1|600185|20190513|296349503
1|600386|20190513|259504367
1|600168|20190513|120014742
1|512900|20190513|921344
1|600366|20190513|378827370
1|512010|20190513|4160038
1|600976|20190513|371870498
1|510590|20190513|11483240
1|600079|20190513|738332417
1|510810|20190513|1170078
1|510850|20190513|332089
1|510510|20190513|17437455
1|510160|20190513|346417
1|600251|20190513|247268741
1|600750|20190513|498577391
1|600143|20190513|507054301
1|600838|20190513|290413355
1|512520|20190513|2718100
1|600825|20190513|349262752
1|600252|20190513|570409509
1|600716|20190513|300952839
1|603766|20190513|363362610
1|601999|20190513|141477413
1|600609|20190513|235968431
1|600435|20190513|827538578
1|600373|20190513|626346226
1|601996|20190513|230961383
1|600312|20190513|497490955
1|600257|20190513|370253097
1|600761|20190513|281611074
1|600372|20190513|634038502
1|601199|20190513|108487320
1|601238|20190513|563963523
1|600483|20190513|170799987
1|600661|20190513|577892254
1|512580|20190513|6898677
1|600261|20190513|304328902
1|601258|20190513|362717599
1|601997|20190513|1474102593
1|600809|20190513|325731946
1|600116|20190513|431662371
1|600237|20190513|355110518
1|600329|20190513|242110230
1|600418|20190513|551754624
1|512980|20190513|16555466
1|600094|20190513|1060236082
1|601038|20190513|155489923
1|600655|20190513|363551739
1|600012|20190513|100841090
1|600563|20190513|180906729
1|600200|20190513|481498873
1|601369|20190513|357234672
1|600139|20190513|264733518
1|512800|20190513|50809613
1|600859|20190513|223693874
1|600551|20190513|236131928
1|600880|20190513|401691093
1|600662|20190513|386008004
1|600620|20190513|274420540
1|603001|20190513|138147721
1|600582|20190513|464874326
1|600653|20190513|222211552
1|600795|20190513|878408887
1|600894|20190513|207750444
1|601158|20190513|154575190
1|600120|20190513|756893558
1|600481|20190513|301822891
1|601126|20190513|219205424
1|600502|20190513|527264486
1|600187|20190513|344315552
1|600637|20190513|1324361250
1|600692|20190513|361240646
1|601636|20190513|434309227
1|510180|20190513|209709016
1|600089|20190513|1508676173
1|601001|20190513|343965243
1|600433|20190513|610946504
1|600141|20190513|725385975
1|600755|20190513|1279711723
1|600395|20190513|398859587
1|600596|20190513|1048900935
1|600771|20190513|925011326
1|600639|20190513|184568513
1|600067|20190513|411230907
1|600993|20190513|289717122
1|600415|20190513|490002714
1|600803|20190513|788071316
1|600058|20190513|285568293
1|600720|20190513|492269015
1|601607|20190513|927118637
1|601601|20190513|1454228912
1|600169|20190513|288222173
1|600021|20190513|230705385
1|600509|20190513|324129898
1|600668|20190513|751413859
1|600288|20190513|458319435
1|600199|20190513|305755793
1|600297|20190513|411207095
1|603993|20190513|1456834110
1|600062|20190513|473300617
1|600387|20190513|391613931
1|600537|20190513|352065145
1|600874|20190513|444696183
1|600086|20190513|180024449
1|600987|20190513|179225182
1|600113|20190513|285011250
1|600900|20190513|1446509174
1|600292|20190513|363293542
1|600881|20190513|677535320
1|601958|20190513|542486359
1|600377|20190513|67887116
1|600846|20190513|648719503
1|601608|20190513|475273989
1|601088|20190513|1039158460
1|600578|20190513|264622005
1|600790|20190513|290505895
1|601727|20190513|794450779
1|601985|20190513|840995056
1|600594|20190513|451024511
1|601098|20190513|303615707
1|600369|20190513|1092207323
1|600331|20190513|249875060
1|600300|20190513|416027039
1|600482|20190513|630249409
1|600549|20190513|809276737
1|512500|20190513|26957038
1|600007|20190513|273366955
1|510310|20190513|12540230
1|600722|20190513|228048351
1|600783|20190513|740560958
1|600162|20190513|188136485
1|600098|20190513|287112793
1|600707|20190513|487904893
1|601138|20190513|1278129124
1|600188|20190513|621929666
1|600730|20190513|292792416
1|600967|20190513|766264599
1|601012|20190513|962575263
1|600307|20190513|579767837
1|600660|20190513|1039462382
1|601311|20190513|576280811
1|600100|20190513|1899924992
1|600548|20190513|53920146
1|600633|20190513|600822695
1|600717|20190513|498497101
1|600643|20190513|739566040
1|601718|20190513|512915687
1|600363|20190513|558186889
1|600256|20190513|1457554486
1|600612|20190513|48497812
1|600804|20190513|2026828466
1|600267|20190513|693847804
1|600350|20190513|264022831
1|600107|20190513|301893764
1|600220|20190513|253906376
1|600663|20190513|310984208
1|600382|20190513|465158772
1|600330|20190513|730189463
1|600797|20190513|973340333
1|600326|20190513|554445920
1|600651|20190513|219887728
1|600333|20190513|225880937
1|600728|20190513|1492949598
1|600037|20190513|519567314
1|601006|20190513|1464203088
1|600489|20190513|1117563316
1|601888|20190513|841601786
1|601211|20190513|2375593656
1|600503|20190513|731378356
1|600176|20190513|1640207173
1|600600|20190513|236401771
1|600674|20190513|625068710
1|600125|20190513|671516219
1|600282|20190513|599844838
1|600085|20190513|572341087
1|600323|20190513|352190658
1|600515|20190513|538941891
1|600078|20190513|286946130
1|600511|20190513|201972102
1|601901|20190513|888329002
1|600277|20190513|635837997
1|600449|20190513|427962693
1|600759|20190513|553999457
1|601000|20190513|505301179
1|512000|20190513|230018067
1|600704|20190513|581184345
1|600624|20190513|691727490
1|600751|20190513|444775544
1|601992|20190513|1039980906
1|600507|20190513|380263357
1|600153|20190513|940706918
1|600236|20190513|99639206
1|600978|20190513|667476576
1|601588|20190513|313620797
1|600266|20190513|1728585431
1|600269|20190513|341437893
1|600592|20190513|418511735
1|601872|20190513|367460410
1|601919|20190513|421259765
1|601688|20190513|4064573993
1|601328|20190513|2573458216
1|600026|20190513|303751636
1|600391|20190513|461981203
1|600606|20190513|1370634122
1|600789|20190513|704166632
1|601600|20190513|1591834077
1|600694|20190513|464403958
1|600022|20190513|881577482
1|601515|20190513|487725914
1|600376|20190513|423671641
1|600061|20190513|532308594
1|600523|20190513|447998268
1|600765|20190513|637355716
1|600565|20190513|381070953
1|600239|20190513|539894616
1|600416|20190513|485230315
1|600782|20190513|767532602
1|600805|20190513|385453708
1|600027|20190513|397286591
1|600325|20190513|1117070268
1|603169|20190513|104075250
1|600380|20190513|551231636
1|601388|20190513|391832627
1|600285|20190513|329091219
1|600802|20190513|409778208
1|600222|20190513|371745910
1|600020|20190513|530868999
1|600004|20190513|135588675
1|600011|20190513|349553490
1|600528|20190513|800283992
1|600500|20190513|743554404
1|600478|20190513|522836025
1|600498|20190513|1486805397
1|600066|20190513|497630543
1|600667|20190513|751178768
1|600740|20190513|749341632
1|601633|20190513|261892404
1|600580|20190513|615958089
1|600676|20190513|265664280
1|600229|20190513|279060467
1|600711|20190513|1123288168
1|601881|20190513|1678083566
1|600201|20190513|1135170219
1|600649|20190513|1401129184
1|601777|20190513|761887965
1|600495|20190513|384033974
1|600884|20190513|978202237
1|600826|20190513|327146061
1|600686|20190513|350664788
1|600015|20190513|2544619500
1|601699|20190513|776817166
1|601117|20190513|772272754
1|600230|20190513|743689745
1|601939|20190513|1561720040
1|601168|20190513|1398277034
1|600787|20190513|521552662
1|600221|20190513|1159030314
1|600456|20190513|500830040
1|600336|20190513|291523076
1|600006|20190513|431504901
1|600895|20190513|1402274221
1|603369|20190513|172049395
1|600999|20190513|1101928229
1|601118|20190513|1207988531
1|600050|20190513|4128426911
1|601166|20190513|10967409634
1|600702|20190513|687611708
1|600958|20190513|1553099359
1|600572|20190513|1662318452
1|600000|20190513|4355058286
1|600157|20190513|638727620
1|600566|20190513|456168133
1|600748|20190513|824047036
1|600392|20190513|1195820226
1|601555|20190513|1594916386
1|600298|20190513|569108068
1|600875|20190513|1413066991
1|600521|20190513|595315518
1|600068|20190513|1343896502
1|600568|20190513|545546329
1|600699|20190513|882118482
1|600155|20190513|726314423
1|600316|20190513|620231648
1|601933|20190513|586271637
1|600547|20190513|1368560801
1|601198|20190513|820695993
1|600064|20190513|796510411
1|600635|20190513|1176316291
1|600161|20190513|652485768
1|600332|20190513|1126932820
1|600088|20190513|304722244
1|600010|20190513|1560885856
1|601186|20190513|2823041596
1|600177|20190513|1076966413
1|510050|20190513|13844093574
1|601377|20190513|1832191435
1|603000|20190513|1351793556
1|600517|20190513|694007015
1|600705|20190513|1932790997
1|600739|20190513|1609460562
1|601899|20190513|1597600388
1|600831|20190513|634593386
1|601668|20190513|4847911621
1|600867|20190513|985786246
1|600138|20190513|539686667
1|600426|20190513|735211190
1|600816|20190513|1372359209
1|600146|20190513|387037326
1|600109|20190513|2294414017
1|601989|20190513|3075234961
1|600273|20190513|1254931726
1|600340|20190513|2094579702
1|600436|20190513|1066168551
1|600122|20190513|267673325
1|601216|20190513|933931615
1|600601|20190513|652388894
1|600166|20190513|1128687137
1|600926|20190513|713445978
1|600535|20190513|903989562
1|600522|20190513|2175654026
1|600276|20190513|1124375603
1|600031|20190513|1669272502
1|600516|20190513|3139487414
1|600585|20190513|2150333407
1|600175|20190513|479454178
1|601678|20190513|754861561
1|510500|20190513|4894466841
1|600536|20190513|1927632729
1|601788|20190513|1898641260
1|600648|20190513|1023552922
1|600260|20190513|1741550625
1|601233|20190513|1587351488
1|600518|20190513|841203576
1|601099|20190513|2132015531
1|600438|20190513|485181836
1|600218|20190513|1092284626
1|600887|20190513|1572576873
1|600837|20190513|4816897146
1|600446|20190513|1675991483
1|600487|20190513|2371933594
1|600352|20190513|6003510226
1|600409|20190513|913520155
1|600519|20190513|7975057493
1|600030|20190513|11720039496
