1|600516|20190404|4064732381
0|000858|20190404|3164707465
1|600352|20190404|4695775325
1|601111|20190404|622219634
0|000516|20190404|1087496838
0|159920|20190404|13524028257
1|601989|20190404|3680579199
0|000001|20190404|3344132016
0|002467|20190404|593432649
0|300124|20190404|702196353
0|000002|20190404|2175233470
1|601881|20190404|1880302112
1|601788|20190404|2356117888
1|600155|20190404|722654269
1|600029|20190404|1261192064
0|002027|20190404|2301469404
0|159937|20190404|513568116
0|002268|20190404|1795350810
1|601377|20190404|2215509768
1|601021|20190404|445501185
0|000830|20190404|1903431444
1|600115|20190404|696128972
0|002183|20190404|1110013916
0|002415|20190404|1371887409
1|600756|20190404|1471509967
0|000876|20190404|1895861512
0|002191|20190404|1727367642
1|513500|20190404|1777775118
1|600536|20190404|2413861824
1|600926|20190404|725275706
1|600518|20190404|1530958463
1|601600|20190404|1841300439
0|002714|20190404|1738491697
1|600221|20190404|1175326678
1|601800|20190404|902072922
1|600648|20190404|812958332
1|600486|20190404|433323343
0|000338|20190404|1722622978
1|600094|20190404|966107706
1|601328|20190404|2647245807
1|600846|20190404|747887397
1|601678|20190404|927387832
1|600000|20190404|4099412491
1|600507|20190404|525610928
0|159934|20190404|1549328714
0|002368|20190404|1358240208
1|600028|20190404|2133997836
1|513100|20190404|1637846574
0|000540|20190404|1501845702
0|000996|20190404|714957170
0|300205|20190404|526144442
0|002594|20190404|1751184736
1|600273|20190404|1017508297
0|159915|20190404|525940201
0|300017|20190404|3234640295
0|002210|20190404|238442476
0|300170|20190404|1650643566
1|600009|20190404|297830269
1|601898|20190404|513155610
1|601901|20190404|1080684845
0|000970|20190404|980175280
1|600588|20190404|3443710493
1|600525|20190404|933499407
1|600068|20190404|1437225243
0|300070|20190404|1422799340
1|600100|20190404|1829550610
0|000997|20190404|1076955897
1|600703|20190404|1910167701
1|600079|20190404|754307239
0|000729|20190404|801536929
1|600797|20190404|1094894940
0|002440|20190404|868719475
1|600640|20190404|492922300
0|000825|20190404|1122950921
1|600015|20190404|2434626327
0|000776|20190404|3063930536
0|000750|20190404|1908893048
0|000525|20190404|381566017
0|002099|20190404|378939171
0|000426|20190404|669174153
1|600073|20190404|514976961
1|601866|20190404|439491140
0|000671|20190404|735018746
0|000703|20190404|594190010
0|000099|20190404|329444303
1|600803|20190404|787218169
0|002401|20190404|417900696
1|600369|20190404|1215143761
1|600570|20190404|3200880109
0|002408|20190404|880604855
1|600340|20190404|2016902814
1|600801|20190404|871802612
1|600285|20190404|315315604
1|600260|20190404|1892848844
1|601006|20190404|1450157412
1|600490|20190404|965194711
1|600893|20190404|1250834582
1|600309|20190404|3927048563
0|000807|20190404|959250329
0|002371|20190404|1084905785
0|000902|20190404|342041968
1|600717|20190404|564306093
1|600391|20190404|551738972
0|002180|20190404|261091457
1|600088|20190404|425822515
0|002202|20190404|831649608
1|600739|20190404|1799483449
1|603858|20190404|673801352
0|300010|20190404|604875389
0|002399|20190404|844563122
1|600004|20190404|185807188
1|600770|20190404|730843619
0|300113|20190404|649599859
0|002223|20190404|355111249
0|002461|20190404|191834056
1|600256|20190404|1423874116
1|600676|20190404|284628751
1|600038|20190404|721060195
0|000089|20190404|406037561
1|600153|20190404|869119744
1|600146|20190404|307653182
0|300079|20190404|1550385619
1|601628|20190404|972971899
0|000960|20190404|1048084879
1|600748|20190404|655836793
1|600565|20190404|352406649
0|000008|20190404|539286754
0|002475|20190404|957392600
1|601098|20190404|289036169
0|002042|20190404|558694153
0|002465|20190404|1046631069
1|601198|20190404|993409050
1|600456|20190404|547901698
1|600208|20190404|1000275764
1|601002|20190404|509333992
1|600230|20190404|787858640
1|600435|20190404|865187914
0|000060|20190404|1213100449
0|002385|20190404|921562339
0|002161|20190404|545172829
0|002396|20190404|1046242855
0|002151|20190404|723571244
0|300146|20190404|595860115
1|601601|20190404|1528192116
0|000712|20190404|1069712456
1|603369|20190404|185754786
1|600559|20190404|365275564
1|601515|20190404|609388015
0|000413|20190404|2652005551
1|601607|20190404|1022314529
1|600827|20190404|510649010
0|000027|20190404|373020159
1|600111|20190404|2252267796
0|002152|20190404|680648547
0|000975|20190404|610725914
1|600113|20190404|290658707
1|600107|20190404|342496817
0|002431|20190404|583885792
1|601988|20190404|3336364224
0|300128|20190404|705809821
1|600362|20190404|1157729145
1|600138|20190404|479860651
1|600592|20190404|463809930
1|600575|20190404|566824781
1|600011|20190404|391950334
1|600143|20190404|421610253
0|002142|20190404|486746444
1|600967|20190404|739347879
0|000151|20190404|423370235
0|002075|20190404|827188908
0|000685|20190404|444814958
1|600495|20190404|403289532
1|600674|20190404|619826593
1|601398|20190404|3403660685
1|600315|20190404|790658108
0|000969|20190404|463389405
0|000040|20190404|463057674
0|000157|20190404|617176740
0|002025|20190404|769546934
0|300253|20190404|950299619
1|600096|20190404|346583305
1|600771|20190404|756633781
1|601919|20190404|495925081
0|000851|20190404|791411068
0|002538|20190404|279994532
0|002250|20190404|393574003
1|600438|20190404|789482487
1|600596|20190404|1137368841
0|000998|20190404|655393185
1|600716|20190404|377131277
0|002146|20190404|993512464
0|002179|20190404|376381324
1|600919|20190404|1108428375
1|600389|20190404|294898168
0|000933|20190404|347499940
0|000900|20190404|367851160
1|600645|20190404|970094596
0|002369|20190404|728329932
0|002261|20190404|712628695
0|002407|20190404|907644966
1|600277|20190404|550066653
0|002701|20190404|554264093
0|300273|20190404|729454145
0|000728|20190404|1908060587
0|002642|20190404|433287666
1|512660|20190404|74825475
1|600252|20190404|562711787
1|600668|20190404|665458198
0|002056|20190404|611881353
1|600690|20190404|910196298
0|002002|20190404|673307591
1|600398|20190404|203551891
1|601608|20190404|540118457
1|600122|20190404|340921207
1|600036|20190404|3315437064
1|600118|20190404|1257587654
1|600568|20190404|607358647
0|002508|20190404|435953840
1|600633|20190404|591876227
0|000717|20190404|651953246
0|300072|20190404|1672183274
1|510500|20190404|5752838940
1|600200|20190404|473535896
0|000667|20190404|299139129
1|600222|20190404|399029358
1|600789|20190404|735891169
0|000616|20190404|395481793
0|000726|20190404|173639874
1|601669|20190404|957968393
1|600503|20190404|732491825
0|000501|20190404|338717808
1|600064|20190404|951579058
1|601818|20190404|1644850408
1|600325|20190404|1196942130
0|000731|20190404|471798381
1|600497|20190404|841880171
1|601928|20190404|325866982
1|600970|20190404|930277264
1|600887|20190404|1722420421
0|000963|20190404|592325057
1|600108|20190404|650925467
0|002518|20190404|318951735
1|600805|20190404|346690304
0|002579|20190404|355237206
0|000049|20190404|243144493
0|000046|20190404|626697408
0|000869|20190404|330908932
1|600162|20190404|200761822
0|000009|20190404|1435597787
1|600826|20190404|291251000
0|000062|20190404|546935558
1|600901|20190404|441331406
1|600795|20190404|915213325
0|000901|20190404|787649013
0|000725|20190404|8587742771
1|600037|20190404|553159870
0|000539|20190404|419032023
1|600063|20190404|404659214
0|002266|20190404|501162503
1|600288|20190404|534503719
0|000665|20190404|369758220
0|002372|20190404|183061666
1|600742|20190404|794899882
0|002233|20190404|780201718
0|002028|20190404|789328599
0|002081|20190404|343521617
0|002221|20190404|823070261
0|000932|20190404|964670274
0|000915|20190404|340623027
1|600838|20190404|308093849
1|600499|20190404|668445990
1|600449|20190404|441319906
1|600141|20190404|634465719
1|600879|20190404|984641954
1|600326|20190404|653352726
1|600823|20190404|365022322
1|600502|20190404|576348342
1|600557|20190404|237020078
0|000543|20190404|305904196
1|601997|20190404|1353169044
0|000786|20190404|409303465
1|600759|20190404|508976842
0|002444|20190404|347114778
1|600900|20190404|1547043735
0|002588|20190404|128876069
0|002095|20190404|485447255
1|600459|20190404|595470700
1|600157|20190404|661980430
1|600316|20190404|654911863
0|300115|20190404|489117685
1|600466|20190404|437353057
1|600300|20190404|409604233
0|000043|20190404|363591890
1|518880|20190404|16296597659
0|300147|20190404|430022203
0|000961|20190404|398080718
1|600873|20190404|454571604
1|600694|20190404|457203753
0|000554|20190404|307780169
1|512800|20190404|63988694
0|002092|20190404|1019831983
1|600161|20190404|661459794
0|002055|20190404|555249503
0|000623|20190404|1333803430
1|600595|20190404|159632299
0|000581|20190404|657620153
1|600580|20190404|605287335
1|600662|20190404|385965789
1|600197|20190404|337345047
1|600467|20190404|251474279
1|600017|20190404|390509422
0|002277|20190404|526869370
1|600478|20190404|463592331
0|002108|20190404|643922869
1|600056|20190404|754817740
0|000537|20190404|452465237
1|601101|20190404|424058793
0|000088|20190404|265417412
0|000898|20190404|695665720
1|600409|20190404|893625414
1|600609|20190404|205908787
1|603766|20190404|354817033
0|300003|20190404|1005463843
0|002118|20190404|865472701
0|000811|20190404|444063078
0|000877|20190404|753167593
1|600600|20190404|250193341
1|600239|20190404|509496587
0|002521|20190404|357660173
0|002474|20190404|532737633
1|600851|20190404|277269762
0|002285|20190404|487607991
1|600998|20190404|451744168
1|600999|20190404|1276604260
0|000887|20190404|663793467
1|600293|20190404|310855160
0|000600|20190404|188926836
1|600642|20190404|373739724
0|000418|20190404|198959680
1|600830|20190404|377218234
1|600684|20190404|438202832
1|600086|20190404|216627391
1|600061|20190404|802268529
1|601808|20190404|336559825
1|600549|20190404|926640497
0|000559|20190404|848641890
1|601939|20190404|1683258613
0|002091|20190404|387597889
1|600354|20190404|271464900
1|600269|20190404|355149728
0|000828|20190404|274910437
1|601899|20190404|1645080827
1|600872|20190404|431730515
0|002393|20190404|374335474
0|300226|20190404|675267524
1|600787|20190404|560612208
0|000680|20190404|340270046
1|510180|20190404|253085022
1|600220|20190404|300584793
0|000423|20190404|886570115
1|600987|20190404|150485376
0|000848|20190404|235587736
0|000767|20190404|127807367
0|300191|20190404|299888773
1|601369|20190404|334030536
0|300055|20190404|931780395
1|600282|20190404|842767732
0|002308|20190404|610018475
0|002275|20190404|175302574
0|000417|20190404|356302574
0|002311|20190404|94883905
0|300182|20190404|651467430
0|002304|20190404|882977403
1|601985|20190404|836503866
1|600416|20190404|505657491
0|300065|20190404|534976638
0|002302|20190404|597959017
1|600790|20190404|302076048
1|600626|20190404|394622155
0|002287|20190404|125495608
1|600566|20190404|362494052
1|601169|20190404|1417469433
1|600511|20190404|197645827
1|600433|20190404|583846207
0|002470|20190404|159866677
1|600880|20190404|409662028
1|600297|20190404|447202026
1|600737|20190404|526473479
1|600744|20190404|162471317
1|600643|20190404|762010664
0|002317|20190404|394647696
1|600651|20190404|245409754
1|600206|20190404|778956314
0|002074|20190404|760598044
0|000166|20190404|1514392682
0|000531|20190404|210789728
1|600729|20190404|749482874
1|600292|20190404|367331562
0|002344|20190404|325068304
1|512500|20190404|22681755
1|600132|20190404|168525556
1|512070|20190404|11502434
1|510810|20190404|2543154
0|002493|20190404|511176727
0|002648|20190404|381779735
0|000983|20190404|912222647
0|002646|20190404|226140486
1|600545|20190404|373858016
1|600598|20190404|564755369
1|600612|20190404|50904921
1|512040|20190404|8520807
1|600664|20190404|811267248
1|600343|20190404|487004554
1|600800|20190404|360441485
0|002556|20190404|320969842
0|002460|20190404|2610840649
0|002140|20190404|209566963
1|601199|20190404|98553399
0|002595|20190404|29366540
0|002041|20190404|172754360
1|600616|20190404|255353987
1|600240|20190404|301872031
0|000006|20190404|745551394
1|600875|20190404|613930178
1|600158|20190404|886686292
0|159910|20190404|999843
0|002653|20190404|127510697
0|001872|20190404|165966823
1|512280|20190404|947586
1|600372|20190404|629281670
1|600978|20190404|588886260
1|600537|20190404|343055395
1|601229|20190404|770916030
0|000488|20190404|738574040
1|600757|20190404|393982988
0|002093|20190404|459047940
1|512520|20190404|3346890
0|159948|20190404|2709775
0|002375|20190404|292217964
1|601107|20190404|151986534
1|600170|20190404|425229743
0|159928|20190404|14317000
1|510160|20190404|389312
1|510590|20190404|13574080
1|510230|20190404|8848869
1|510880|20190404|23722553
1|600485|20190404|98073390
1|512580|20190404|5345893
1|510390|20190404|378137
0|159925|20190404|2219798
1|601388|20190404|423842984
1|512180|20190404|956287
1|600835|20190404|253333943
1|600007|20190404|252658114
0|002236|20190404|1265785025
0|000928|20190404|317717791
1|512160|20190404|962343
0|002130|20190404|489162836
1|600976|20190404|423457210
0|000957|20190404|345296013
0|159922|20190404|5091398
1|600186|20190404|172135868
0|000551|20190404|411748666
0|002577|20190404|287263739
1|600868|20190404|704169389
0|000012|20190404|568477412
1|512090|20190404|4113094
0|000718|20190404|382525063
1|600587|20190404|247720716
1|510310|20190404|12256456
1|510510|20190404|17202971
0|000999|20190404|180498279
1|600652|20190404|275458507
0|159901|20190404|198204643
1|600021|20190404|217592631
1|601158|20190404|159197394
0|002204|20190404|317054260
0|000631|20190404|234349189
0|002355|20190404|253122696
1|600526|20190404|170944996
0|300020|20190404|724068518
0|002573|20190404|612488991
1|600237|20190404|333324713
1|510330|20190404|29032866
1|600019|20190404|1098400458
1|600704|20190404|565298386
1|600551|20190404|216584149
1|600639|20190404|249304050
1|601929|20190404|397178187
1|600023|20190404|378837709
0|000536|20190404|436674264
0|002429|20190404|483095484
0|002572|20190404|268571202
1|600062|20190404|492532426
0|000790|20190404|485484137
1|600218|20190404|679468350
1|600863|20190404|315283131
1|512880|20190404|394122254
1|601238|20190404|444593763
0|002281|20190404|1294460738
0|000778|20190404|1121303683
0|001896|20190404|198177580
1|600730|20190404|338264964
1|600382|20190404|493077054
0|300039|20190404|434158976
0|002293|20190404|212944334
0|000404|20190404|430752723
1|600859|20190404|257688158
1|600373|20190404|653296001
1|601126|20190404|213029973
1|600755|20190404|1322175996
0|002154|20190404|230799555
0|002048|20190404|368713112
1|600223|20190404|329722336
1|601996|20190404|221967849
1|600578|20190404|266820528
1|600386|20190404|269864723
1|600718|20190404|1303396116
1|600310|20190404|170473461
0|000719|20190404|80336669
0|002416|20190404|248234602
1|600971|20190404|482992934
1|600383|20190404|2322811825
1|600026|20190404|315304760
1|600210|20190404|489385356
0|000973|20190404|446884821
0|002064|20190404|187256394
1|600330|20190404|730577840
1|600116|20190404|400755073
1|600135|20190404|435350727
1|600168|20190404|142945818
0|000758|20190404|515131322
1|600582|20190404|368993161
1|600377|20190404|85412033
0|002032|20190404|64117538
1|600187|20190404|398832167
1|600661|20190404|579947178
0|000930|20190404|712114058
1|600098|20190404|306065856
1|600515|20190404|482336544
0|000061|20190404|493056805
0|300203|20190404|592569887
0|300157|20190404|640353190
1|600655|20190404|363959924
0|000938|20190404|924854225
1|600653|20190404|225489507
0|002292|20190404|540972052
0|300005|20190404|316029850
1|600236|20190404|92124305
1|600185|20190404|302894280
0|002050|20190404|395821903
1|600660|20190404|1062033802
0|000402|20190404|797496725
1|600699|20190404|847128243
1|600175|20190404|483591843
1|601001|20190404|295907310
1|600415|20190404|489653020
0|000883|20190404|309127332
1|601038|20190404|136413665
0|002563|20190404|66519399
0|000028|20190404|213675054
0|159919|20190404|1108772454
0|159938|20190404|25567063
1|600707|20190404|524447134
1|600229|20190404|274822654
1|601218|20190404|293705042
0|002252|20190404|1085065025
1|600881|20190404|735719018
1|600329|20190404|244988895
1|513050|20190404|975120206
0|000078|20190404|473621398
0|159952|20190404|21648569
0|000661|20190404|1249261926
0|002318|20190404|430431403
0|002148|20190404|529597137
0|000966|20190404|123072420
1|601801|20190404|342485351
0|000550|20190404|139470211
1|603001|20190404|139207485
0|002681|20190404|369274780
1|600522|20190404|2120484923
1|600350|20190404|280674991
1|600059|20190404|351529401
0|000541|20190404|249061735
0|300053|20190404|893769127
1|512980|20190404|10974365
1|600855|20190404|353423886
0|000415|20190404|710430992
0|000568|20190404|626634672
0|002011|20190404|335165284
0|002071|20190404|177590671
1|601566|20190404|131608449
1|600802|20190404|392898024
1|600336|20190404|302287351
1|600765|20190404|709953374
1|600363|20190404|609874657
1|600318|20190404|351662604
1|601999|20190404|122563204
1|600663|20190404|382706376
0|300296|20190404|503050887
1|600395|20190404|368370727
0|000592|20190404|669394842
1|600387|20190404|397818296
1|600119|20190404|229410352
1|600058|20190404|304033364
1|600517|20190404|310856660
0|300257|20190404|379994984
1|600543|20190404|322645005
0|000656|20190404|872655339
1|600649|20190404|1408294200
0|000800|20190404|708660533
1|600500|20190404|683785920
0|000513|20190404|397842313
1|600333|20190404|220550629
1|600320|20190404|307665112
0|002561|20190404|120435153
1|601588|20190404|259754528
1|600773|20190404|483985935
0|002437|20190404|396484879
0|001696|20190404|282820927
0|002269|20190404|114465831
1|600528|20190404|681512263
0|002476|20190404|350540245
0|002419|20190404|142637853
0|000686|20190404|1481310496
1|601179|20190404|444777697
1|600199|20190404|370254232
1|600169|20190404|301752689
0|002271|20190404|458184391
1|600523|20190404|472447768
0|002242|20190404|180807811
1|600750|20190404|507795371
0|000829|20190404|340183638
1|600259|20190404|613564953
0|002313|20190404|664194483
1|600809|20190404|315395641
0|002016|20190404|404954834
0|002603|20190404|617289683
1|601636|20190404|385398639
0|002230|20190404|4359587026
0|000030|20190404|113174015
0|000709|20190404|1377035649
1|601233|20190404|725257334
1|600572|20190404|1915459843
1|601991|20190404|442399966
1|600894|20190404|216983832
1|600216|20190404|557840386
1|600312|20190404|497738775
1|600611|20190404|489366346
1|600085|20190404|619223779
0|002005|20190404|278066678
0|002378|20190404|389392109
0|002299|20190404|898445634
0|002038|20190404|1302907080
0|002267|20190404|343074431
0|002662|20190404|366487123
0|002353|20190404|349656217
1|600380|20190404|622247603
0|000708|20190404|110674976
1|600481|20190404|284433344
1|601118|20190404|1166679694
1|600743|20190404|212143729
1|601128|20190404|484763625
1|600050|20190404|4088770019
1|601231|20190404|183761940
0|000700|20190404|186522848
0|000036|20190404|438633027
1|601886|20190404|578614272
0|002276|20190404|501474197
1|600509|20190404|332205625
1|600166|20190404|815056849
0|002424|20190404|363268767
0|300015|20190404|650123867
1|600705|20190404|1923667835
0|002557|20190404|241475001
1|600388|20190404|542079675
0|002410|20190404|309687652
1|600030|20190404|12563077023
0|300058|20190404|946384801
1|600410|20190404|911559497
1|601258|20190404|387969783
1|601333|20190404|640785806
1|600548|20190404|64464568
1|600775|20190404|546802453
0|000899|20190404|86595295
1|600886|20190404|2170047576
1|600583|20190404|513076269
0|000988|20190404|1272026400
0|002153|20190404|400378497
0|002029|20190404|337803350
0|002229|20190404|529860688
1|600219|20190404|1153455549
1|600637|20190404|1422903374
0|002104|20190404|671096490
1|600027|20190404|427921625
0|000921|20190404|147423977
1|600597|20190404|411725749
0|000400|20190404|595817559
1|601718|20190404|496932510
1|600125|20190404|708651774
0|000977|20190404|2756069377
0|002325|20190404|509697993
1|601666|20190404|511103993
0|000090|20190404|293533187
1|600110|20190404|795617362
0|000538|20190404|681269109
0|002482|20190404|426092292
1|600033|20190404|202661023
0|300034|20190404|392926861
1|600804|20190404|2113496497
1|600018|20190404|959766693
1|600177|20190404|1083075627
0|000762|20190404|511115482
0|300026|20190404|489246926
0|002414|20190404|632969082
0|000690|20190404|1238206599
1|600811|20190404|1081031631
1|601139|20190404|197831153
1|601872|20190404|374149163
0|159902|20190404|66139807
1|601727|20190404|488296808
0|000650|20190404|463979018
0|000552|20190404|268652610
0|002203|20190404|355147276
1|600867|20190404|1148816529
1|601211|20190404|2295736503
1|600022|20190404|945447955
1|601108|20190404|2930575168
0|002439|20190404|393095602
1|600831|20190404|653631846
1|600323|20190404|382676618
1|600376|20190404|432495559
1|600482|20190404|669506769
0|000739|20190404|365986317
1|600120|20190404|826388201
1|600740|20190404|704617773
0|000926|20190404|816170445
1|600267|20190404|730100118
0|000156|20190404|692086863
0|300212|20190404|928993743
1|600139|20190404|284666144
1|600761|20190404|276756992
1|600077|20190404|300145932
0|300088|20190404|1347904873
1|600620|20190404|288089390
0|300355|20190404|855788498
1|600839|20190404|1156054378
0|000598|20190404|480243584
0|002262|20190404|492105017
1|600078|20190404|307359534
0|300133|20190404|758346265
1|600688|20190404|354439706
0|000789|20190404|585204635
0|000812|20190404|420859460
0|000937|20190404|521715705
0|000905|20190404|239773075
1|600563|20190404|180230337
0|002158|20190404|379235347
0|000565|20190404|183373369
0|000031|20190404|597127657
1|600491|20190404|712536950
0|002736|20190404|1050574917
0|300001|20190404|873712584
1|600284|20190404|368559686
0|002138|20190404|495090271
1|510900|20190404|24022590114
1|600012|20190404|121236390
0|300202|20190404|402670319
1|600483|20190404|148881427
0|002129|20190404|1522115428
1|600751|20190404|502039217
1|600337|20190404|187739878
1|600257|20190404|368902394
1|600010|20190404|1656676551
1|603169|20190404|151482688
1|600521|20190404|607808202
0|000503|20190404|1811079756
1|600060|20190404|746789844
1|601888|20190404|1859700875
1|600160|20190404|897159389
0|300251|20190404|898926487
1|600251|20190404|233924475
1|600489|20190404|1260436616
1|600601|20190404|688905185
1|600993|20190404|330030778
0|002237|20190404|718624750
1|600067|20190404|439550689
1|600825|20190404|452302294
1|601958|20190404|512026777
1|601117|20190404|745826597
1|601311|20190404|574035079
0|300199|20190404|555405256
0|002307|20190404|567619298
1|600006|20190404|303887748
0|000895|20190404|784786802
1|600722|20190404|251091036
1|600584|20190404|1372996788
1|600777|20190404|664383922
0|002117|20190404|683627644
1|600426|20190404|675149498
1|601998|20190404|739554864
1|600335|20190404|357902998
0|002176|20190404|1095353306
0|000801|20190404|403630218
0|000528|20190404|646970544
1|600958|20190404|1689949780
0|002079|20190404|524272112
1|600261|20190404|262649917
0|000768|20190404|1245623418
1|600667|20190404|859280219
1|600673|20190404|1458596597
1|601777|20190404|450973502
0|159905|20190404|16584298
1|600820|20190404|688854623
1|600692|20190404|314173627
0|002241|20190404|1384336854
0|000738|20190404|624315422
0|002574|20190404|279280952
1|600686|20190404|338263460
0|002067|20190404|584709938
1|512000|20190404|198410365
0|002085|20190404|277726764
1|601717|20190404|565461903
1|600702|20190404|822334849
1|600614|20190404|607169634
1|600436|20190404|1199525367
1|601789|20190404|324367510
1|600331|20190404|270481325
0|002400|20190404|523962877
0|000860|20190404|790334529
0|002181|20190404|247267569
1|600123|20190404|670944991
0|002739|20190404|715337930
1|600783|20190404|830742589
0|002466|20190404|1371926587
1|600366|20190404|449331889
0|002428|20190404|567941015
1|601168|20190404|1201688934
0|002063|20190404|908620558
0|300002|20190404|928393369
1|600066|20190404|473474671
1|603323|20190404|717685615
0|000793|20190404|853823054
0|002294|20190404|863281976
1|601880|20190404|285945180
0|002004|20190404|465432531
1|600720|20190404|554196665
1|600008|20190404|589691348
0|000596|20190404|161961600
0|002244|20190404|315391725
0|002106|20190404|672200092
1|600332|20190404|1054472042
0|000059|20190404|882726917
0|001979|20190404|929801298
1|600307|20190404|591704976
1|600016|20190404|8704924361
0|002597|20190404|586620694
1|601933|20190404|645942815
0|300274|20190404|614587171
1|600594|20190404|441589155
0|002251|20190404|284913109
1|600487|20190404|2439306581
0|300122|20190404|1569610496
1|600392|20190404|1378760273
0|002007|20190404|965332315
0|002367|20190404|440653623
1|600266|20190404|1654474677
1|600470|20190404|416366913
0|002022|20190404|549928117
0|000425|20190404|782618197
1|601216|20190404|1111661211
0|000039|20190404|940310898
1|600677|20190404|902807401
1|600039|20190404|378156955
0|002340|20190404|1553901424
1|600348|20190404|629606960
0|002073|20190404|535800522
1|600183|20190404|566393971
1|600808|20190404|770254104
1|601336|20190404|814806024
0|002195|20190404|1940144019
0|000823|20190404|636512936
0|002051|20190404|601862426
0|300498|20190404|1161601528
0|000761|20190404|209652316
0|002310|20190404|1289948882
0|300136|20190404|2141194592
0|000627|20190404|472457747
1|600298|20190404|579644881
0|000630|20190404|1050527760
0|000826|20190404|1352384833
1|600782|20190404|715447666
1|601000|20190404|570566008
1|601088|20190404|1077218287
1|601018|20190404|520670419
0|300027|20190404|965449689
0|002065|20190404|1882952520
0|300168|20190404|1853288181
1|600728|20190404|1756155266
0|002185|20190404|1307232261
0|002110|20190404|1042400406
0|000607|20190404|311263137
1|600406|20190404|1299341717
1|600498|20190404|1498780198
1|600276|20190404|1144131315
1|601877|20190404|504887900
1|600535|20190404|1000004916
1|601633|20190404|310034159
1|601138|20190404|1003056974
0|000069|20190404|1378359134
1|600874|20190404|525017535
1|601155|20190404|1743605937
1|601099|20190404|2448775437
0|002023|20190404|1018596131
0|002078|20190404|505145926
1|600020|20190404|658238170
1|601992|20190404|1067672586
0|002273|20190404|840906446
1|600418|20190404|519743110
1|510050|20190404|13421325758
0|000878|20190404|830756417
0|002500|20190404|1994683531
0|000777|20190404|455000578
1|600606|20190404|1500904122
0|300033|20190404|1498882133
1|600816|20190404|1726225569
1|600741|20190404|410076992
1|600776|20190404|889849059
1|600884|20190404|991487379
1|600171|20190404|1006081629
0|002001|20190404|1182812214
0|000333|20190404|2258755837
1|600151|20190404|479117737
0|000401|20190404|904985248
0|000839|20190404|1639618775
0|002217|20190404|1178979848
1|510300|20190404|13666094355
0|300024|20190404|1539349377
1|600460|20190404|1644627356
1|601618|20190404|1126560712
0|002640|20190404|615182263
1|601012|20190404|1373037115
0|159949|20190404|255287447
1|600711|20190404|1279196266
1|600196|20190404|1777082059
1|600458|20190404|408757679
1|600188|20190404|777737408
1|603000|20190404|1518308759
1|600176|20190404|1913493800
0|002456|20190404|2619706506
1|600201|20190404|1091808863
1|600089|20190404|1528211272
1|600109|20190404|2547802293
1|601186|20190404|2884198232
1|603993|20190404|1596996896
1|600422|20190404|868664374
1|601766|20190404|2536229564
1|600604|20190404|1149451622
1|600547|20190404|1192466826
0|002128|20190404|541080984
1|600624|20190404|803665935
0|000625|20190404|875654846
0|000563|20190404|1102343152
0|002405|20190404|2105826068
0|000050|20190404|2255102915
1|600895|20190404|1577090417
0|000989|20190404|464426716
0|300059|20190404|8836496852
0|000783|20190404|1530000780
1|601699|20190404|743904807
0|002673|20190404|2187829754
1|601225|20190404|1885579081
0|000651|20190404|4927997355
1|601390|20190404|1874847971
1|600048|20190404|2447239013
1|600635|20190404|1335210422
1|601009|20190404|1699631506
0|300014|20190404|832350387
0|000732|20190404|1242395228
1|600585|20190404|1534041086
1|600446|20190404|2303165146
1|600271|20190404|1411559008
0|000100|20190404|2506182977
0|002024|20190404|3254360105
1|600519|20190404|7033889967
1|600031|20190404|1701935510
1|601288|20190404|4228868799
1|600837|20190404|5255324213
0|002008|20190404|1703409949
0|002049|20190404|2361661605
1|601555|20190404|1501167895
1|601166|20190404|11027835618
1|601857|20190404|1968823210
0|000063|20190404|3649910914
1|601318|20190404|21966400509
1|601668|20190404|5052453960
1|600104|20190404|2323804253
1|601688|20190404|3457607736
