1|600584|20190528|1427510199
1|600519|20190528|8142633987
1|600536|20190528|2209842124
1|601166|20190528|10927489859
1|600703|20190528|2083920201
1|600018|20190528|1877062142
1|600460|20190528|1490969513
1|600624|20190528|801719464
1|601211|20190528|2447484966
1|600337|20190528|300412438
1|600288|20190528|507388765
1|600020|20190528|647936742
1|600570|20190528|3410870323
1|600635|20190528|1238107084
1|600218|20190528|1022887338
1|600640|20190528|476036685
1|601099|20190528|2080030850
1|600867|20190528|984457664
1|601018|20190528|695817143
1|600059|20190528|422011123
1|600597|20190528|434067278
1|600064|20190528|809231574
1|600837|20190528|4757471348
1|600273|20190528|1294669839
1|600277|20190528|638115597
1|600366|20190528|695307250
1|600801|20190528|1258403052
1|600158|20190528|844343203
1|601198|20190528|803239743
1|601933|20190528|584925828
1|512880|20190528|411668818
1|600783|20190528|785435524
1|600626|20190528|474102140
1|600811|20190528|1253041479
1|600729|20190528|698398797
1|600426|20190528|715886715
1|600592|20190528|457578329
1|600478|20190528|534446487
1|600438|20190528|488546050
1|600993|20190528|317786027
1|600188|20190528|581896057
1|601186|20190528|2692179816
1|600196|20190528|1703237332
1|601886|20190528|619009083
1|601009|20190528|1670014438
1|600416|20190528|532040736
1|600549|20190528|868573694
1|600831|20190528|638973737
1|600800|20190528|350775038
1|600517|20190528|674393254
1|600354|20190528|302402090
1|600036|20190528|3054046006
1|601128|20190528|390059240
1|601678|20190528|755112396
1|600016|20190528|9016470903
1|600699|20190528|882517709
1|600219|20190528|1095671894
1|600201|20190528|1125275677
1|600879|20190528|1024676425
1|600094|20190528|1084579435
1|600160|20190528|1080929008
1|600259|20190528|669896136
1|600606|20190528|1380107818
1|600406|20190528|1445338493
1|600600|20190528|274187007
1|600521|20190528|577397499
1|601600|20190528|1614032952
1|600872|20190528|424987018
1|600395|20190528|396865034
1|601985|20190528|819353043
1|600388|20190528|469418945
1|600066|20190528|463768014
1|600060|20190528|744582577
1|601998|20190528|748739121
1|600068|20190528|1290955686
1|600809|20190528|333866668
1|600604|20190528|1218033806
1|600157|20190528|621302900
1|600175|20190528|419663515
1|600466|20190528|614009395
1|601555|20190528|1551810034
1|600330|20190528|713366093
1|600525|20190528|815289000
1|601628|20190528|929246335
1|600170|20190528|394629217
1|600155|20190528|763989492
1|600859|20190528|238736193
1|600456|20190528|521064268
1|600266|20190528|1732918248
1|600122|20190528|251369375
1|601801|20190528|326206291
1|600028|20190528|2398114786
1|600873|20190528|513721561
1|600611|20190528|456765450
1|600088|20190528|316019797
1|600151|20190528|493967869
1|600730|20190528|297140311
1|601107|20190528|136451738
1|600926|20190528|654048509
1|600138|20190528|529139494
1|600362|20190528|1175608343
1|600470|20190528|414540755
1|600260|20190528|1686447657
1|600742|20190528|704665840
1|600120|20190528|752492754
1|600123|20190528|721244647
1|600312|20190528|488732897
1|600649|20190528|1376800516
1|601666|20190528|439180386
1|600310|20190528|180912325
1|600056|20190528|718234861
1|600251|20190528|252499791
1|600846|20190528|621324234
1|600919|20190528|813778474
1|600702|20190528|682539433
1|600433|20190528|607535354
1|600004|20190528|142984044
1|600886|20190528|2165039169
1|600894|20190528|221762958
1|600868|20190528|598349912
1|600976|20190528|369104066
1|601788|20190528|1863680062
1|601880|20190528|255663491
1|600565|20190528|386864439
1|600690|20190528|822903560
1|600108|20190528|564965644
1|600387|20190528|379841175
1|600596|20190528|995193243
1|600802|20190528|388725398
1|600855|20190528|355031291
1|601000|20190528|500468206
1|600895|20190528|1421547168
1|600325|20190528|1078619452
1|600058|20190528|295302935
1|600655|20190528|357008991
1|600645|20190528|900231098
1|600705|20190528|1820566409
1|600601|20190528|659900566
1|600720|20190528|470692106
1|600704|20190528|570108551
1|600267|20190528|643886100
1|600285|20190528|318572145
1|600686|20190528|361026749
1|600418|20190528|562242787
1|600210|20190528|440644666
1|600491|20190528|726776724
1|600208|20190528|818573258
1|600692|20190528|345522689
1|601199|20190528|106978377
1|600805|20190528|372766947
1|600668|20190528|719837305
1|600125|20190528|664963916
1|601233|20190528|1569982353
1|600716|20190528|293158585
1|600612|20190528|53818510
1|600559|20190528|336069129
1|600755|20190528|1233343016
1|601717|20190528|722343015
1|601369|20190528|339848361
1|600062|20190528|427183153
1|600639|20190528|182211143
1|600382|20190528|468096837
1|601098|20190528|286970527
1|600008|20190528|551149499
1|600489|20190528|1050843036
1|600422|20190528|1057292894
1|600021|20190528|223445382
1|601229|20190528|946950044
1|600761|20190528|266921739
1|600770|20190528|655061543
1|601718|20190528|510302785
1|600449|20190528|424265033
1|601002|20190528|469185949
1|600486|20190528|269991309
1|600269|20190528|335181071
1|600372|20190528|606551259
1|601699|20190528|739079148
1|601958|20190528|529721581
1|600901|20190528|450345818
1|601608|20190528|455932241
1|600022|20190528|869723789
1|600651|20190528|214432575
1|600348|20190528|513526514
1|600039|20190528|387350159
1|600483|20190528|169371059
1|600575|20190528|590424627
1|603001|20190528|140876066
1|600744|20190528|175480513
1|601218|20190528|265696002
1|600369|20190528|1064574915
1|600900|20190528|1375981340
1|600711|20190528|1099103189
1|600537|20190528|358383904
1|600343|20190528|413515352
1|600743|20190528|210251760
1|601012|20190528|1141093113
1|600795|20190528|876512696
1|600863|20190528|359124865
1|601991|20190528|446671403
1|600199|20190528|314594333
1|600765|20190528|629607520
1|600620|20190528|298579587
1|600007|20190528|273992266
1|601818|20190528|1577638086
1|512900|20190528|1641854
1|600583|20190528|478576169
1|600551|20190528|232469105
1|600881|20190528|661592627
1|601038|20190528|155243324
1|601328|20190528|2540641597
1|512070|20190528|12413271
1|512010|20190528|7757593
1|510850|20190528|704300
1|512090|20190528|5280056
1|600307|20190528|571011263
1|510710|20190528|2192384
1|510390|20190528|905202
1|512520|20190528|3231946
1|600331|20190528|261838993
1|600236|20190528|100725958
1|512280|20190528|1554187
1|600329|20190528|229069597
1|600063|20190528|419706801
1|600096|20190528|339741047
1|601126|20190528|217201640
1|510590|20190528|11369673
1|600220|20190528|247401720
1|518800|20190528|504189428
1|512160|20190528|4357939
1|512180|20190528|1497548
1|510810|20190528|1132029
1|512950|20190528|1270601
1|600033|20190528|233794780
1|510160|20190528|528981
1|600563|20190528|176570515
1|600838|20190528|287227654
1|601158|20190528|150122961
1|512580|20190528|6439433
1|600580|20190528|603240590
1|600107|20190528|311247834
1|600284|20190528|386935106
1|512980|20190528|16636638
1|603369|20190528|230573533
1|600350|20190528|248147978
1|600839|20190528|1038467562
1|600835|20190528|244324747
1|600187|20190528|334486960
1|601588|20190528|285777374
1|600415|20190528|479374775
1|512660|20190528|50400086
1|601996|20190528|225537921
1|600085|20190528|583642111
1|600661|20190528|568796233
1|600223|20190528|316252079
1|600467|20190528|261074779
1|600320|20190528|261486303
1|601138|20190528|1205828403
1|600495|20190528|371761347
1|600017|20190528|362689843
1|600545|20190528|345195834
1|510310|20190528|14083443
1|601727|20190528|776120071
1|601515|20190528|450010760
1|510880|20190528|27221228
1|600389|20190528|342175240
1|600851|20190528|273282238
1|600197|20190528|388052815
1|600185|20190528|291624746
1|600987|20190528|179416116
1|600077|20190528|268348683
1|600252|20190528|550972073
1|600377|20190528|58725598
1|600166|20190528|1035532907
1|600026|20190528|298142794
1|510510|20190528|12693562
1|601179|20190528|367800806
1|600162|20190528|183306041
1|600548|20190528|58952860
1|600499|20190528|637956959
1|512500|20190528|27120362
1|600884|20190528|956637734
1|600820|20190528|729589637
1|600098|20190528|281022605
1|600067|20190528|407368165
1|600808|20190528|700523035
1|600707|20190528|483842655
1|510230|20190528|9528816
1|603000|20190528|1299570133
1|600633|20190528|636027699
1|601800|20190528|772623289
1|600139|20190528|251051457
1|600880|20190528|394575019
1|600333|20190528|220072178
1|600363|20190528|546732020
1|601388|20190528|374261996
1|600543|20190528|281244532
1|600230|20190528|679488891
1|600169|20190528|279914871
1|600830|20190528|375358933
1|600222|20190528|359129675
1|600674|20190528|569233132
1|600578|20190528|265790706
1|601139|20190528|203554629
1|600825|20190528|356063501
1|600748|20190528|773325457
1|600874|20190528|432475451
1|600497|20190528|868691847
1|600662|20190528|396073993
1|600078|20190528|275021940
1|601872|20190528|378843714
1|600511|20190528|204445214
1|600998|20190528|889509208
1|601899|20190528|1546127504
1|600587|20190528|329094896
1|601258|20190528|334720114
1|600787|20190528|534402261
1|601992|20190528|1019794648
1|600827|20190528|434144102
1|601216|20190528|896819876
1|600113|20190528|268717339
1|601999|20190528|141026759
1|600572|20190528|1549884613
1|600717|20190528|491495522
1|600386|20190528|255113097
1|601118|20190528|1172590171
1|600168|20190528|120960340
1|601169|20190528|1390075029
1|600500|20190528|725632435
1|600409|20190528|884766335
1|600116|20190528|427548327
1|601898|20190528|470679901
1|600292|20190528|355330782
1|600664|20190528|616493582
1|600132|20190528|164447154
1|600893|20190528|1149670657
1|601566|20190528|119372348
1|510180|20190528|212377777
1|600653|20190528|213911802
1|600458|20190528|310220021
1|600012|20190528|98741484
1|601333|20190528|579010857
1|601108|20190528|2498928292
1|600237|20190528|333757478
1|600773|20190528|454674416
1|600326|20190528|533333245
1|601789|20190528|303009838
1|600038|20190528|862028882
1|600073|20190528|637931870
1|600261|20190528|274698600
1|600718|20190528|1204657118
1|600143|20190528|489318080
1|600391|20190528|444824512
1|600609|20190528|223624384
1|600823|20190528|379441878
1|600616|20190528|248678659
1|600336|20190528|296578944
1|600011|20190528|341064232
1|600722|20190528|226419056
1|512000|20190528|222166888
1|601866|20190528|454791641
1|600642|20190528|374166857
1|600750|20190528|472090328
1|600751|20190528|437035005
1|600803|20190528|767860687
1|601231|20190528|192497683
1|600335|20190528|368881850
1|600694|20190528|449958862
1|600789|20190528|681335487
1|601001|20190528|323277304
1|601877|20190528|425540004
1|600509|20190528|313312140
1|600141|20190528|700539367
1|600481|20190528|266904034
1|600380|20190528|510931437
1|601101|20190528|439786673
1|600771|20190528|909765117
1|601636|20190528|411011173
1|601808|20190528|298615209
1|510330|20190528|67524751
1|600079|20190528|675081759
1|600663|20190528|300008082
1|601929|20190528|349726733
1|600782|20190528|785586757
1|600282|20190528|564724809
1|600739|20190528|1547005351
1|600061|20190528|532811194
1|600293|20190528|276205459
1|600373|20190528|582475453
1|600637|20190528|1262260400
1|600318|20190528|330407838
1|600200|20190528|465965666
1|600684|20190528|403370562
1|600146|20190528|405776066
1|601928|20190528|302235769
1|600522|20190528|2141763999
1|600376|20190528|405350464
1|600257|20190528|350927254
1|600826|20190528|309579532
1|601021|20190528|334008732
1|600086|20190528|166393297
1|600507|20190528|352299581
1|600535|20190528|835461962
1|600557|20190528|192793474
1|600523|20190528|438536016
1|600741|20190528|399649403
1|600383|20190528|2541047284
1|600970|20190528|965562886
1|600153|20190528|904094591
1|600676|20190528|250267487
1|600006|20190528|388728460
1|600688|20190528|317628090
1|601997|20190528|1412060933
1|600502|20190528|534232979
1|601225|20190528|1628151992
1|600503|20190528|714405918
1|600482|20190528|613885006
1|600027|20190528|376761561
1|600971|20190528|422964571
1|600816|20190528|1311727097
1|600315|20190528|778403104
1|600135|20190528|411914635
1|600528|20190528|733624150
1|600757|20190528|383208773
1|600089|20190528|1473899921
1|600643|20190528|749406079
1|600790|20190528|289597151
1|600323|20190528|327067161
1|600229|20190528|268804530
1|600023|20190528|367565761
1|600566|20190528|445685877
1|600115|20190528|625755282
1|601669|20190528|920543945
1|601888|20190528|759732963
1|600110|20190528|775108261
1|600271|20190528|1567780532
1|601618|20190528|1165602483
1|600728|20190528|1481226807
1|601919|20190528|419776646
1|512800|20190528|45107520
1|600109|20190528|2240613143
1|600459|20190528|789711847
1|600594|20190528|414765244
1|600239|20190528|392376982
1|600435|20190528|797512188
1|600490|20190528|938229945
1|600216|20190528|604835530
1|600515|20190528|516918805
1|601607|20190528|894969769
1|600875|20190528|1362965533
1|601633|20190528|248571614
1|600958|20190528|1600249770
1|600777|20190528|652758651
1|600398|20190528|203572758
1|600297|20190528|384662707
1|600516|20190528|2996055531
1|603858|20190528|667660160
1|600009|20190528|416697675
1|600775|20190528|646139464
1|601857|20190528|2151013351
1|603169|20190528|103294120
1|601377|20190528|2034065253
1|603323|20190528|655280316
1|600804|20190528|1883729728
1|600221|20190528|1121328344
1|600118|20190528|1165048518
1|600756|20190528|1084560795
1|600015|20190528|2516068672
1|601311|20190528|558908850
1|600177|20190528|1029916112
1|600161|20190528|580573509
1|601881|20190528|1624963589
1|600436|20190528|1080307378
1|600183|20190528|480031916
1|601601|20190528|1483209939
1|600978|20190528|626231717
1|600029|20190528|1156604712
1|600737|20190528|734869935
1|600100|20190528|1893825291
1|603766|20190528|333199654
1|600582|20190528|444982693
1|600256|20190528|1444291706
1|600498|20190528|1400923095
1|600967|20190528|748564269
1|601939|20190528|1491791037
1|601088|20190528|993922938
1|600037|20190528|515053547
1|601989|20190528|2990550199
1|601238|20190528|598565677
1|600568|20190528|508894651
1|603993|20190528|1453922422
1|600585|20190528|2086716079
1|600300|20190528|447810098
1|600410|20190528|1182801310
1|601901|20190528|917613012
1|513050|20190528|866933186
1|601168|20190528|1301413194
1|601117|20190528|807339565
1|600598|20190528|590641312
1|600776|20190528|858635994
1|600176|20190528|1619277241
1|600298|20190528|487664967
1|601390|20190528|1699613147
1|600660|20190528|1085463484
1|600316|20190528|621463203
1|601988|20190528|2968035798
1|600759|20190528|484396635
1|601398|20190528|2822178178
1|601006|20190528|1443473293
1|510900|20190528|25677962854
1|600677|20190528|846288731
1|600887|20190528|1456083229
1|600111|20190528|2409864022
1|600673|20190528|1381135120
1|600050|20190528|3978836994
1|600276|20190528|1217250401
1|600171|20190528|964432007
1|600547|20190528|1310769630
1|513500|20190528|2468810708
1|601155|20190528|1823614328
1|600019|20190528|1464577269
1|600648|20190528|1039187032
1|600487|20190528|2305811112
1|600797|20190528|1059613643
1|600446|20190528|1619877172
1|600740|20190528|725648869
1|601777|20190528|616738234
1|600340|20190528|2036530980
1|600392|20190528|1322966332
1|600010|20190528|1687090601
1|601688|20190528|3802490302
1|601111|20190528|665258440
1|518880|20190528|15682270463
1|600332|20190528|1100731395
1|600999|20190528|1026369577
1|600667|20190528|788573741
1|600031|20190528|1585656830
1|601288|20190528|3646496915
1|601766|20190528|2374007554
1|510050|20190528|14219592581
1|600352|20190528|5555274783
1|600030|20190528|11329891044
1|510500|20190528|4977482186
1|601336|20190528|1169652543
1|600309|20190528|3680226886
1|600206|20190528|736737169
1|600104|20190528|2250256102
1|600588|20190528|3218101846
1|601668|20190528|4680191698
1|513100|20190528|1951732896
1|600048|20190528|2930809897
1|510300|20190528|13074956714
1|600000|20190528|4001487045
1|601318|20190528|21878881630
