1|601166|20190529|11131595548
1|600584|20190529|1571773276
1|600111|20190529|2532610191
1|600667|20190529|909293554
1|601601|20190529|1618268784
1|601318|20190529|22001863456
1|600010|20190529|1787211573
1|510900|20190529|25765389612
1|600155|20190529|838991597
1|600392|20190529|1379795240
1|601288|20190529|3697475089
1|601989|20190529|3046673611
1|600677|20190529|889419817
1|600366|20190529|737236391
1|600635|20190529|1274818729
1|601225|20190529|1663436572
1|601336|20190529|1221392047
1|600030|20190529|11365344150
1|601998|20190529|781837582
1|601881|20190529|1657795885
1|600171|20190529|996292072
1|601211|20190529|2473574987
1|600460|20190529|1519854192
1|601888|20190529|786587975
1|600837|20190529|4794407652
1|601600|20190529|1647039256
1|600549|20190529|894441874
1|600811|20190529|1279553072
1|600406|20190529|1466046106
1|600058|20190529|319474467
1|600598|20190529|613476101
1|601939|20190529|1512297384
1|600175|20190529|440240402
1|600104|20190529|2260539712
1|600797|20190529|1079908408
1|601198|20190529|821415840
1|600592|20190529|475280002
1|600958|20190529|1618689765
1|601012|20190529|1156850443
1|600383|20190529|2557613116
1|600288|20190529|523693363
1|600153|20190529|924229035
1|603993|20190529|1470747841
1|600277|20190529|654377277
1|601328|20190529|2557978420
1|600018|20190529|1891027217
1|600470|20190529|435437341
1|601688|20190529|3822134463
1|601818|20190529|1588417158
1|600887|20190529|1464018213
1|601216|20190529|909559768
1|600108|20190529|576931164
1|600756|20190529|1096121594
1|600739|20190529|1559126379
1|600600|20190529|285694129
1|600795|20190529|888388844
1|600748|20190529|785164399
1|600183|20190529|491658288
1|600017|20190529|373999178
1|600867|20190529|994877542
1|600422|20190529|1067243246
1|600316|20190529|631622313
1|601997|20190529|1423253183
1|600926|20190529|664018121
1|600029|20190529|1166597789
1|601678|20190529|764164222
1|600536|20190529|2219365006
1|600507|20190529|362296484
1|601117|20190529|816547178
1|600269|20190529|343870021
1|600999|20190529|1032899200
1|600606|20190529|1387499609
1|600160|20190529|1089392738
1|510050|20190529|14206730191
1|600648|20190529|1045797747
1|601958|20190529|536457610
1|601985|20190529|826177983
1|600219|20190529|1103877324
1|603323|20190529|662274988
1|601006|20190529|1449364724
1|600825|20190529|362171828
1|600188|20190529|588079531
1|600831|20190529|645370040
1|600456|20190529|527981904
1|600273|20190529|1301151370
1|600741|20190529|404255902
1|600771|20190529|916205574
1|601138|20190529|1218912731
1|601607|20190529|898493358
1|600770|20190529|661149092
1|600705|20190529|1827990562
1|601766|20190529|2382243188
1|600199|20190529|320561774
1|600118|20190529|1174176226
1|601899|20190529|1553607172
1|600151|20190529|499774049
1|600737|20190529|741105027
1|600325|20190529|1084484346
1|600113|20190529|274299845
1|601118|20190529|1178118068
1|600802|20190529|394979090
1|600566|20190529|451426024
1|600601|20190529|665144191
1|600875|20190529|1366879098
1|513100|20190529|1956740493
1|601229|20190529|951201852
1|600855|20190529|360934282
1|600438|20190529|493278723
1|601169|20190529|1395563485
1|600587|20190529|333638343
1|600146|20190529|410265093
1|600730|20190529|301621257
1|600895|20190529|1426190662
1|600503|20190529|721387544
1|600486|20190529|274200560
1|600616|20190529|252836805
1|600115|20190529|629305190
1|600373|20190529|586014946
1|600919|20190529|817075033
1|601390|20190529|1699651429
1|600597|20190529|438255957
1|600026|20190529|302057085
1|601377|20190529|2038140347
1|600690|20190529|825289118
1|601128|20190529|393628947
1|600740|20190529|728204541
1|600517|20190529|677926907
1|600668|20190529|723326325
1|600808|20190529|703359994
1|600782|20190529|788718805
1|600565|20190529|390119308
1|600645|20190529|903459337
1|601258|20190529|337949366
1|600023|20190529|369387623
1|600759|20190529|487715844
1|600523|20190529|441777423
1|600458|20190529|313302895
1|600297|20190529|386934393
1|600620|20190529|301495824
1|600318|20190529|333289813
1|510330|20190529|70399934
1|512000|20190529|225000732
1|601088|20190529|996599986
1|600998|20190529|892305376
1|600363|20190529|549454710
1|600251|20190529|255176093
1|600063|20190529|422289806
1|600120|20190529|754898430
1|603169|20190529|105823612
1|600266|20190529|1735521210
1|601179|20190529|370525352
1|600208|20190529|821651863
1|600197|20190529|390644201
1|600863|20190529|361505329
1|600085|20190529|585871739
1|601801|20190529|328474144
1|600661|20190529|571133542
1|600012|20190529|101013449
1|600459|20190529|791855900
1|600435|20190529|801869202
1|601107|20190529|138609455
1|513500|20190529|2470900700
1|600200|20190529|467988363
1|600176|20190529|1621764279
1|600583|20190529|480409513
1|600483|20190529|171284066
1|600109|20190529|2242225164
1|600086|20190529|168251579
1|600545|20190529|347082418
1|600976|20190529|370882086
1|601608|20190529|461099742
1|600122|20190529|253148603
1|600315|20190529|780818640
1|600704|20190529|571950548
1|603369|20190529|232128135
1|600132|20190529|166024345
1|600978|20190529|627651582
1|601788|20190529|1865533655
1|600125|20190529|666045296
1|512500|20190529|28575276
1|600851|20190529|274810697
1|600688|20190529|317833896
1|510310|20190529|15518453
1|600874|20190529|436928596
1|600037|20190529|516094996
1|600686|20190529|362414701
1|600580|20190529|604810046
1|600702|20190529|684098825
1|601718|20190529|511628995
1|600559|20190529|337406789
1|601158|20190529|151395023
1|600343|20190529|414887224
1|600067|20190529|408615692
1|600509|20190529|314526334
1|600651|20190529|215641824
1|600256|20190529|1445542711
1|600418|20190529|563709891
1|600333|20190529|222203460
1|600138|20190529|530297406
1|600787|20190529|535411257
1|600398|20190529|204756379
1|600239|20190529|393425545
1|600372|20190529|607756067
1|600684|20190529|404401823
1|600293|20190529|277055189
1|600543|20190529|282081597
1|600329|20190529|229888703
1|603858|20190529|668513995
1|600750|20190529|472862990
1|600707|20190529|484612024
1|600257|20190529|351688231
1|600820|20190529|730198898
1|600261|20190529|275402761
1|600330|20190529|714068970
1|600481|20190529|267590682
1|600466|20190529|614873718
1|600094|20190529|1085352417
1|601919|20190529|421246529
1|600388|20190529|470059896
1|601231|20190529|193042440
1|601388|20190529|374871966
1|600692|20190529|346139627
1|600757|20190529|383805467
1|601126|20190529|217773419
1|600220|20190529|247980052
1|600008|20190529|553425809
1|600893|20190529|1150159140
1|600639|20190529|182518562
1|600859|20190529|239606956
1|512160|20190529|4803187
1|600578|20190529|266395451
1|600386|20190529|255533867
1|600765|20190529|629991591
1|600116|20190529|427869831
1|600609|20190529|224149943
1|600307|20190529|571306654
1|512580|20190529|6691328
1|600499|20190529|638187950
1|512180|20190529|1727429
1|601515|20190529|450208053
1|512070|20190529|12600437
1|600773|20190529|453342046
1|600323|20190529|327216193
1|512520|20190529|3381590
1|600826|20190529|309720200
1|600187|20190529|334613226
1|512090|20190529|5392413
1|510590|20190529|11465856
1|600495|20190529|371845674
1|600521|20190529|577520941
1|600716|20190529|293237959
1|600292|20190529|355430384
1|600348|20190529|513573836
1|601001|20190529|323339079
1|510160|20190529|550053
1|512950|20190529|1270589
1|513050|20190529|867022543
1|600077|20190529|268343598
1|600061|20190529|533906430
1|510810|20190529|1094917
1|600718|20190529|1204235315
1|518800|20190529|504149508
1|510230|20190529|9480336
1|601218|20190529|265641227
1|512900|20190529|1558097
1|512280|20190529|1462030
1|600790|20190529|289478585
1|510710|20190529|2094413
1|600016|20190529|9010430315
1|600835|20190529|244518045
1|600007|20190529|273881645
1|510390|20190529|781070
1|600168|20190529|120832087
1|512980|20190529|16470536
1|600267|20190529|643370197
1|510510|20190529|12486031
1|601199|20190529|106759679
1|600482|20190529|613209909
1|510850|20190529|469353
1|600185|20190529|291456397
1|512010|20190529|7511310
1|600761|20190529|266698895
1|600300|20190529|447474514
1|600415|20190529|478671619
1|601996|20190529|225252340
1|603001|20190529|140583430
1|600575|20190529|589797064
1|600223|20190529|315906162
1|601098|20190529|286660293
1|600004|20190529|142855455
1|600170|20190529|394284182
1|600663|20190529|299533358
1|600336|20190529|296121434
1|600056|20190529|717739180
1|512800|20190529|44620915
1|601999|20190529|140537425
1|600755|20190529|1233156656
1|600162|20190529|182804368
1|600089|20190529|1472850597
1|600123|20190529|720771664
1|600744|20190529|174955041
1|600098|20190529|280494442
1|600096|20190529|338964574
1|601669|20190529|919800197
1|510880|20190529|26649335
1|600282|20190529|564134567
1|601555|20190529|1556540966
1|600222|20190529|358504807
1|600107|20190529|309973676
1|601101|20190529|439055833
1|600551|20190529|231711681
1|600221|20190529|1119929562
1|600873|20190529|512863651
1|600320|20190529|260644903
1|600729|20190529|697426260
1|601618|20190529|1164102676
1|601866|20190529|454029621
1|600331|20190529|260892484
1|600881|20190529|660639247
1|600884|20190529|955658681
1|600823|20190529|378417774
1|601877|20190529|423985306
1|600563|20190529|175632384
1|600169|20190529|278786263
1|600088|20190529|314888442
1|600594|20190529|413479470
1|601808|20190529|297309623
1|600310|20190529|179604610
1|600971|20190529|421422843
1|601238|20190529|594736060
1|600436|20190529|1078044358
1|600838|20190529|285837592
1|600568|20190529|507517019
1|600489|20190529|1051485460
1|600312|20190529|487335437
1|600816|20190529|1310795587
1|600626|20190529|472748137
1|601168|20190529|1300583063
1|600800|20190529|349300866
1|600804|20190529|1883811181
1|600642|20190529|372535580
1|601991|20190529|445220141
1|600582|20190529|443464637
1|600655|20190529|355452328
1|600433|20190529|606005319
1|601002|20190529|467620558
1|600970|20190529|963993962
1|600894|20190529|220112582
1|600352|20190529|5552748449
1|601633|20190529|245358024
1|601992|20190529|1020526072
1|600711|20190529|1097119121
1|600416|20190529|530354625
1|600743|20190529|208490582
1|600703|20190529|2081410732
1|601666|20190529|437307601
1|600006|20190529|386552147
1|601872|20190529|377492730
1|600478|20190529|533072895
1|600548|20190529|57116280
1|600033|20190529|231922227
1|600612|20190529|51953403
1|600901|20190529|448466754
1|600649|20190529|1374764803
1|601717|20190529|720239896
1|600276|20190529|1202868309
1|600987|20190529|177492472
1|600285|20190529|316623412
1|600596|20190529|993244327
1|601800|20190529|770903334
1|600886|20190529|2163919224
1|600350|20190529|246188694
1|600722|20190529|224148008
1|601789|20190529|300961166
1|512880|20190529|409615716
1|600467|20190529|259018970
1|601886|20190529|616742761
1|600633|20190529|633829263
1|600062|20190529|424974567
1|600335|20190529|366671813
1|600637|20190529|1259909602
1|600993|20190529|315572282
1|600143|20190529|487159016
1|600395|20190529|394768861
1|600516|20190529|2997790816
1|510180|20190529|210655457
1|600387|20190529|377784021
1|600380|20190529|508572317
1|600511|20190529|202023731
1|600139|20190529|248649567
1|600653|20190529|211484414
1|512660|20190529|47960747
1|600500|20190529|723191501
1|600728|20190529|1477834686
1|600201|20190529|1122968167
1|600236|20190529|98254446
1|600177|20190529|1027179604
1|601588|20190529|283070451
1|600110|20190529|772717702
1|600066|20190529|460657675
1|600284|20190529|384392046
1|601928|20190529|299798347
1|600789|20190529|678131535
1|600039|20190529|384215686
1|600611|20190529|453991201
1|600050|20190529|3964152400
1|600809|20190529|331500428
1|600376|20190529|402635989
1|600751|20190529|434334517
1|600078|20190529|272288631
1|600830|20190529|372537711
1|600640|20190529|475189522
1|601311|20190529|556143231
1|600535|20190529|832470184
1|600880|20190529|391637031
1|600662|20190529|392946175
1|601369|20190529|336772911
1|601699|20190529|736655844
1|600777|20190529|649537305
1|601898|20190529|467488689
1|600449|20190529|421007292
1|601880|20190529|252345658
1|600528|20190529|730304998
1|600048|20190529|2926461642
1|600135|20190529|408532789
1|600166|20190529|1028376073
1|601777|20190529|613297423
1|600879|20190529|1021542747
1|600537|20190529|354886964
1|600031|20190529|1579787035
1|601021|20190529|329719171
1|600229|20190529|265225092
1|600100|20190529|1890393239
1|600340|20190529|2031029605
1|600252|20190529|546874547
1|601398|20190529|2818040571
1|600742|20190529|700775793
1|600502|20190529|530257552
1|600624|20190529|798022013
1|600664|20190529|611416636
1|600389|20190529|338158986
1|600158|20190529|839999875
1|600068|20190529|1285692599
1|600326|20190529|528995027
1|600060|20190529|740462000
1|600362|20190529|1172411649
1|600776|20190529|854405121
1|600694|20190529|445858096
1|600491|20190529|722552835
1|600676|20190529|245908951
1|600382|20190529|463772373
1|600073|20190529|633209537
1|600720|20190529|466541147
1|601929|20190529|345834667
1|600557|20190529|188227707
1|601333|20190529|574317828
1|601038|20190529|150812483
1|600391|20190529|440715480
1|601233|20190529|1565181188
1|600079|20190529|670416922
1|600846|20190529|614991036
1|603766|20190529|328256074
1|600022|20190529|865521042
1|601000|20190529|495621647
1|601857|20190529|2146061292
1|600011|20190529|337040209
1|600377|20190529|54022807
1|603000|20190529|1294052338
1|600717|20190529|486427125
1|600775|20190529|640726293
1|600803|20190529|762569041
1|600216|20190529|599464967
1|601628|20190529|934986675
1|600027|20190529|371230660
1|600210|20190529|434912399
1|601636|20190529|405181730
1|601155|20190529|1816810899
1|600230|20190529|673126253
1|600369|20190529|1059741941
1|601727|20190529|770016131
1|600643|20190529|743424092
1|600490|20190529|932234589
1|601566|20190529|112842219
1|600525|20190529|808722943
1|600674|20190529|562859504
1|600868|20190529|591921278
1|601139|20190529|196845336
1|600572|20190529|1541275257
1|600497|20190529|862112467
1|600157|20190529|614810361
1|600015|20190529|2508659848
1|600783|20190529|777520530
1|600059|20190529|414486655
1|601108|20190529|2495207896
1|601018|20190529|687337931
1|600547|20190529|1303818579
1|600298|20190529|480512838
1|600839|20190529|1032334724
1|600805|20190529|364857452
1|600237|20190529|325759811
1|600660|20190529|1076118561
1|600522|20190529|2131145256
1|600141|20190529|691668195
1|601933|20190529|576413256
1|600446|20190529|1610731735
1|600161|20190529|571607663
1|600801|20190529|1248679914
1|600260|20190529|1677416082
1|601901|20190529|911689495
1|601186|20190529|2681312947
1|600487|20190529|2296422111
1|600259|20190529|661684707
1|600967|20190529|739236312
1|600409|20190529|875345681
1|601111|20190529|655589254
1|600021|20190529|212534011
1|600196|20190529|1692021534
1|600038|20190529|851025579
1|600332|20190529|1087936989
1|600515|20190529|504337819
1|600498|20190529|1388266019
1|600827|20190529|421765562
1|600872|20190529|411365365
1|600699|20190529|868412125
1|600271|20190529|1553931925
1|600673|20190529|1366853870
1|600426|20190529|701235862
1|600020|20190529|632422804
1|600570|20190529|3391587131
1|600354|20190529|284510118
1|510500|20190529|5008906409
1|600064|20190529|788122325
1|601668|20190529|4656957027
1|600604|20190529|1195509716
1|600900|20190529|1352486346
1|600218|20190529|994435373
1|601009|20190529|1640578374
1|600309|20190529|3649420869
1|600337|20190529|268303904
1|510300|20190529|13042749987
1|518880|20190529|15646105067
1|600036|20190529|3010455152
1|601099|20190529|2035902748
1|600009|20190529|366148848
1|600028|20190529|2351844715
1|600588|20190529|3166437350
1|600206|20190529|685478877
1|600000|20190529|3931281967
1|601988|20190529|2886365344
1|600410|20190529|1099560524
1|600519|20190529|8048602242
1|600585|20190529|1914907313
1|600019|20190529|1038892234
