1|603259|20191031|899670098
0|000066|20191031|2079792623
1|600797|20191031|943624327
0|000876|20191031|2720279007
1|601336|20191031|1608086369
0|002152|20191031|1014420957
1|600031|20191031|1623859885
0|159934|20191031|5958404281
0|300433|20191031|729637071
0|002157|20191031|1813858609
0|002117|20191031|589292612
1|600309|20191031|2321107873
1|600093|20191031|477396414
1|600703|20191031|2693394357
1|603986|20191031|784703935
0|300760|20191031|696196549
1|601669|20191031|855654128
0|000333|20191031|1915737587
1|601668|20191031|4302046157
1|600030|20191031|10224399168
1|601006|20191031|1264751743
0|002456|20191031|2036778328
0|300014|20191031|1378094887
1|601398|20191031|2708074143
1|601166|20191031|10997921158
0|000538|20191031|703594637
0|002100|20191031|518296219
1|600267|20191031|550252502
0|002235|20191031|334750782
1|601818|20191031|1477882595
0|002572|20191031|213765129
0|002947|20191031|177878840
0|300136|20191031|1690229173
0|000661|20191031|1081717523
1|600048|20191031|3728307111
0|300212|20191031|1008213250
0|000158|20191031|278309228
0|300429|20191031|335350540
1|603636|20191031|199923046
0|002372|20191031|222564630
1|601021|20191031|375535978
1|600188|20191031|532644145
1|600257|20191031|363898674
1|601138|20191031|1011551968
0|002236|20191031|1234867829
1|601933|20191031|1263343962
0|300454|20191031|159749007
1|600004|20191031|229695924
0|300529|20191031|177116328
0|002468|20191031|269442130
1|601233|20191031|1555752450
0|000338|20191031|1760974848
1|601990|20191031|455037240
0|002169|20191031|275636340
0|000656|20191031|1004144588
0|300015|20191031|549650888
1|601918|20191031|142147829
1|600763|20191031|423396492
0|300474|20191031|373007062
0|002447|20191031|77712050
0|000800|20191031|880993312
1|600903|20191031|219514032
0|002714|20191031|5303554799
1|600702|20191031|702172868
0|300142|20191031|1367531601
1|601009|20191031|1585352824
1|600606|20191031|1190289875
0|000858|20191031|4317625457
1|600223|20191031|232179251
1|600028|20191031|2036704617
1|601857|20191031|1999080125
1|688366|20191031|169673856
1|603012|20191031|328697505
0|000001|20191031|3637173042
0|300205|20191031|457168475
0|002488|20191031|182015826
0|000848|20191031|222966523
0|002384|20191031|460414037
1|600760|20191031|508087275
1|601155|20191031|1972097472
0|300223|20191031|279363373
1|600196|20191031|1506373449
1|601898|20191031|373043951
0|002195|20191031|1145402963
1|600422|20191031|794197322
1|600029|20191031|1090708635
0|002607|20191031|97210514
0|002733|20191031|315309386
1|600345|20191031|105751952
0|300059|20191031|7892479676
1|600602|20191031|128531997
0|000975|20191031|730005172
0|300078|20191031|302227690
0|000049|20191031|339615035
1|688108|20191031|69604033
0|001979|20191031|1583552252
1|600919|20191031|788908913
0|000568|20191031|1015598859
1|600801|20191031|914139848
0|002035|20191031|63430527
0|002567|20191031|237168808
0|002425|20191031|123892526
1|601886|20191031|627359594
1|600026|20191031|415316461
1|600566|20191031|451485060
1|600016|20191031|8085326029
0|159937|20191031|5215968869
0|000050|20191031|1720479586
1|600968|20191031|42737774
1|510500|20191031|4649771562
1|600986|20191031|323283929
1|603377|20191031|171426289
0|000002|20191031|2996712521
1|600015|20191031|2077640662
0|002537|20191031|484136824
0|300202|20191031|404159340
1|600633|20191031|569316631
0|002481|20191031|67569141
1|603658|20191031|60034667
0|002280|20191031|98267856
0|300558|20191031|226118393
0|002563|20191031|58711169
0|002129|20191031|1658509443
0|002262|20191031|473647669
1|600229|20191031|232462217
0|002168|20191031|195028237
0|002601|20191031|137005080
0|002124|20191031|649647566
0|002548|20191031|97561857
0|002376|20191031|272163511
0|300113|20191031|472709357
0|002594|20191031|1447244734
0|300130|20191031|284986463
0|000729|20191031|619102485
0|300287|20191031|219946174
1|600266|20191031|1531463175
1|510330|20191031|513426751
0|300010|20191031|629379922
1|603156|20191031|89240928
0|000766|20191031|93287605
0|300451|20191031|293422422
0|000040|20191031|390310793
1|600131|20191031|291940342
0|000932|20191031|828883744
0|300166|20191031|255713587
0|000035|20191031|143932518
1|600765|20191031|705225449
0|300203|20191031|545021651
0|000672|20191031|343023350
0|002001|20191031|1451785987
1|601611|20191031|71934351
1|688012|20191031|222265420
0|002410|20191031|440326758
0|002797|20191031|712669081
1|600449|20191031|341029596
1|600346|20191031|522386523
0|000156|20191031|617701692
1|603233|20191031|60187726
0|300357|20191031|169772855
0|300333|20191031|167501746
0|002675|20191031|130594197
0|300383|20191031|512175529
0|002705|20191031|144811165
1|600580|20191031|522496136
1|600677|20191031|360291498
1|601618|20191031|905426505
0|002301|20191031|70324982
0|002251|20191031|222203276
1|600637|20191031|1122677617
0|300001|20191031|755960283
1|603018|20191031|82072000
0|000043|20191031|215223230
1|603882|20191031|185027751
1|600997|20191031|62576598
1|601689|20191031|96215084
1|600823|20191031|326578023
1|601555|20191031|1328758125
0|002670|20191031|223343815
1|600667|20191031|657749370
1|600621|20191031|270647245
0|002568|20191031|56036555
1|601319|20191031|236052867
0|002303|20191031|177434444
1|600863|20191031|289663343
0|300347|20191031|216170273
0|159949|20191031|157487205
0|300666|20191031|247885079
0|002127|20191031|99292692
1|601928|20191031|237099423
1|600885|20191031|25548457
0|002635|20191031|188322890
0|300237|20191031|96312367
0|000738|20191031|611144977
0|000519|20191031|235202688
0|300065|20191031|444950620
1|600298|20191031|433322674
1|601985|20191031|727728983
1|603699|20191031|34933311
0|002727|20191031|103043041
0|002010|20191031|114567288
1|600529|20191031|62620728
0|002181|20191031|194063733
0|300370|20191031|72807304
0|000537|20191031|342448665
0|002036|20191031|256516125
0|000531|20191031|156987415
1|601377|20191031|2784916007
1|600549|20191031|770864087
1|600368|20191031|64304477
0|300273|20191031|603936169
1|600737|20191031|804046778
0|002517|20191031|51882978
1|600720|20191031|380898686
1|600567|20191031|97438609
0|300567|20191031|348309328
1|601939|20191031|1489897793
0|300207|20191031|241482070
0|000031|20191031|352340749
0|002054|20191031|85364625
1|600859|20191031|281503571
0|002081|20191031|393494812
1|512760|20191031|35363756
0|000783|20191031|1187623924
1|600648|20191031|992819274
0|000591|20191031|72895894
0|002400|20191031|511229178
1|600755|20191031|983079882
0|000046|20191031|625793477
0|000958|20191031|184143001
1|601828|20191031|69942929
0|002429|20191031|362591992
1|600704|20191031|473473616
0|002626|20191031|197921687
0|000990|20191031|185879902
0|002402|20191031|545149439
0|002683|20191031|249306451
1|513050|20191031|740933346
0|002602|20191031|257766257
0|002242|20191031|136343267
1|600027|20191031|323554365
0|300324|20191031|254903302
0|300726|20191031|178400779
1|600845|20191031|131407191
1|600096|20191031|361614770
1|601116|20191031|68106460
1|603399|20191031|56499824
0|000999|20191031|337680504
0|000875|20191031|132503833
1|600867|20191031|885419216
0|002491|20191031|82141742
0|300039|20191031|359330137
1|600176|20191031|1064735273
0|002332|20191031|30629785
1|600525|20191031|689613850
0|159919|20191031|1143336984
1|600108|20191031|477632396
0|000938|20191031|916842113
0|000793|20191031|590944063
1|600025|20191031|245172855
1|600098|20191031|272514602
0|000030|20191031|103205704
1|600166|20191031|797714478
1|600409|20191031|659113521
1|600917|20191031|53950894
1|603517|20191031|109265245
0|300493|20191031|100358481
0|002115|20191031|106868230
1|600085|20191031|580240817
1|600764|20191031|300322113
1|601163|20191031|65348697
0|000733|20191031|152934832
1|600351|20191031|53335906
1|688022|20191031|70373122
1|600657|20191031|44754023
1|600153|20191031|644005214
0|000789|20191031|422346619
1|688028|20191031|107928431
0|000997|20191031|1136424305
1|601211|20191031|2519189497
0|300058|20191031|1052116114
0|000750|20191031|1251896192
0|300299|20191031|87171395
0|300294|20191031|97213301
0|002603|20191031|575322541
1|601369|20191031|298592830
1|603599|20191031|38368164
1|600333|20191031|208548926
1|600966|20191031|80400794
0|300739|20191031|125446836
0|000404|20191031|409475187
1|600804|20191031|1373716117
1|600820|20191031|691740200
1|601107|20191031|71378071
1|600219|20191031|913823601
1|600288|20191031|473673304
1|603456|20191031|132280781
0|002643|20191031|158541830
1|600826|20191031|269922152
1|601901|20191031|695418660
0|000402|20191031|706028167
1|600547|20191031|1772699986
1|600062|20191031|357611377
1|600787|20191031|413252303
1|600552|20191031|134398669
0|000739|20191031|244896961
1|600827|20191031|418867260
0|002174|20191031|247919884
0|002558|20191031|111971436
1|688036|20191031|205186445
0|000708|20191031|79939777
0|000070|20191031|261444516
1|600512|20191031|56678983
1|600469|20191031|30109344
1|603688|20191031|72017853
1|601666|20191031|363205297
1|600897|20191031|31796421
0|002250|20191031|329239621
0|002939|20191031|358112915
0|002344|20191031|310806943
1|603718|20191031|47625734
1|601098|20191031|242432379
0|300199|20191031|385092291
1|601799|20191031|19996105
1|600348|20191031|497123337
0|002375|20191031|258567891
0|002369|20191031|579716199
1|603766|20191031|275838384
0|000025|20191031|77970884
0|300124|20191031|296426708
1|512010|20191031|14254185
0|002212|20191031|277797054
0|300495|20191031|92489372
0|000989|20191031|262655510
1|601515|20191031|299861867
1|600308|20191031|42709435
1|688068|20191031|55713762
1|600875|20191031|783429058
1|600507|20191031|286044352
0|002146|20191031|1098979773
0|002505|20191031|51581150
1|600100|20191031|1519985628
0|000651|20191031|4710861345
0|002466|20191031|1056480795
0|002047|20191031|87695990
1|600089|20191031|1202752860
1|603077|20191031|85240443
0|300353|20191031|267874191
1|603368|20191031|73545794
0|000505|20191031|39107564
1|601186|20191031|1936264732
0|002382|20191031|22209427
1|688009|20191031|1052593431
0|300296|20191031|503635048
1|601877|20191031|390752066
0|002215|20191031|65259299
1|688388|20191031|187497603
0|300601|20191031|443047869
1|600310|20191031|129858056
0|002926|20191031|253654712
0|002189|20191031|89329271
1|600380|20191031|394065181
1|600037|20191031|444560829
1|600750|20191031|382787106
0|300101|20191031|73075920
1|603989|20191031|32198626
1|600976|20191031|308239730
1|600299|20191031|58967638
1|688016|20191031|229444395
0|000915|20191031|341859658
0|002574|20191031|259338962
1|510510|20191031|12937144
0|002011|20191031|331785813
0|002497|20191031|63811364
0|002399|20191031|718826706
1|688002|20191031|102340351
1|603345|20191031|41098476
0|000852|20191031|63599819
0|159905|20191031|11796746
0|000980|20191031|90423439
0|300762|20191031|167077890
0|000681|20191031|92481981
0|002421|20191031|115645895
0|000801|20191031|305288268
1|600436|20191031|1021420537
1|600626|20191031|390517773
1|600297|20191031|357028798
0|300236|20191031|215067720
0|300245|20191031|74298461
1|600936|20191031|14105724
1|600336|20191031|282377028
1|688010|20191031|91846572
1|600292|20191031|299584481
1|600803|20191031|552669014
0|300133|20191031|683058873
0|002773|20191031|50404917
0|002401|20191031|350272137
1|601126|20191031|184535920
1|600901|20191031|352614782
1|600039|20191031|349286747
1|600172|20191031|34987125
0|300355|20191031|706288569
1|603444|20191031|155715931
1|600343|20191031|347370610
1|600511|20191031|189098577
1|600088|20191031|215707025
1|600649|20191031|1228846713
1|603890|20191031|71559167
1|600480|20191031|60589938
1|600562|20191031|101002222
1|600736|20191031|103508700
1|601699|20191031|524797032
0|002579|20191031|289957267
1|601127|20191031|53693316
1|601991|20191031|435241818
1|600418|20191031|408915015
1|688003|20191031|68836495
1|600023|20191031|377117021
1|603618|20191031|27061581
1|600391|20191031|389163428
1|601198|20191031|681172390
0|002446|20191031|227146801
1|600694|20191031|449592988
0|000607|20191031|320136721
0|001696|20191031|243988120
1|601608|20191031|381085217
1|603698|20191031|33332749
0|002166|20191031|84895567
1|600218|20191031|613038966
0|000062|20191031|547530463
0|000551|20191031|383420270
0|002214|20191031|134722432
0|002032|20191031|25512130
1|600109|20191031|2056217650
0|002198|20191031|119342513
0|000150|20191031|109494832
0|002618|20191031|99129232
0|002465|20191031|808688837
0|000639|20191031|27547388
0|002631|20191031|42957076
0|002022|20191031|459885659
1|600869|20191031|146424348
0|002439|20191031|347988438
1|688066|20191031|78512849
1|600673|20191031|1207634628
0|002470|20191031|330610642
1|603589|20191031|162449035
1|600376|20191031|334214234
1|600020|20191031|373805860
0|300725|20191031|137416200
1|601996|20191031|200294711
1|600477|20191031|37590516
0|000935|20191031|81395302
0|300091|20191031|87532204
1|601908|20191031|75638080
0|000936|20191031|83324202
1|603660|20191031|194057437
0|300174|20191031|85481266
0|002746|20191031|161087889
1|600035|20191031|27764923
0|002252|20191031|871102520
1|600191|20191031|22125492
1|688033|20191031|67258611
0|000802|20191031|73869631
1|600378|20191031|61144673
0|002078|20191031|305385506
0|000560|20191031|47686623
0|002050|20191031|278397977
1|600508|20191031|38081306
1|600175|20191031|310939421
1|600645|20191031|846419735
1|688011|20191031|54871428
0|002065|20191031|1499839393
0|000861|20191031|57888095
0|002191|20191031|963360020
1|600425|20191031|114872790
1|510710|20191031|2384686
1|600681|20191031|55363521
1|600295|20191031|25469934
1|600318|20191031|322557427
1|600012|20191031|74632797
0|002311|20191031|111085775
0|000620|20191031|33428964
0|000665|20191031|228998523
1|603085|20191031|42354655
1|600977|20191031|188693352
0|002073|20191031|329430653
0|000009|20191031|1152107940
1|601106|20191031|192047121
1|600481|20191031|265089074
0|000401|20191031|937415356
0|002518|20191031|218814171
1|688001|20191031|71617919
0|000566|20191031|247810444
0|300147|20191031|378937814
0|002233|20191031|553530577
0|300110|20191031|81911457
0|300157|20191031|618178305
1|600987|20191031|127025298
0|000036|20191031|298161770
1|600287|20191031|42194408
1|601298|20191031|89350136
0|002555|20191031|269946660
1|600019|20191031|888932924
0|002243|20191031|135180124
0|000902|20191031|254959022
1|600497|20191031|690128783
1|603707|20191031|54973858
1|600990|20191031|105316405
1|600596|20191031|726836418
1|600838|20191031|223573195
1|512710|20191031|3000832
1|600743|20191031|201775931
1|512800|20191031|47557024
0|000959|20191031|10240267
1|603601|20191031|32943989
0|300463|20191031|45540068
0|000718|20191031|290107080
1|600290|20191031|24888884
0|002390|20191031|36103110
1|600312|20191031|438250351
1|600456|20191031|574525441
0|300367|20191031|178699808
1|600733|20191031|96256428
1|512090|20191031|5926196
0|002424|20191031|303516556
1|600075|20191031|45068390
1|688015|20191031|59985960
1|601218|20191031|219475309
0|000918|20191031|65402540
0|000928|20191031|234930343
0|300066|20191031|66850966
1|600126|20191031|31778468
1|600663|20191031|221709999
0|002650|20191031|55460023
0|000592|20191031|569192946
1|512070|20191031|23887538
1|600798|20191031|32930097
1|600133|20191031|38713764
0|000652|20191031|34687643
1|510310|20191031|29942056
0|300123|20191031|128603858
1|600888|20191031|27001199
0|002140|20191031|173885680
1|600978|20191031|487923978
0|300118|20191031|227356279
1|600105|20191031|60283234
1|601999|20191031|115350736
1|600167|20191031|22479309
0|002269|20191031|108246317
1|600965|20191031|32174752
0|000683|20191031|54951584
1|688122|20191031|114202114
0|002412|20191031|72990473
1|600971|20191031|354048580
1|600618|20191031|25451079
0|002149|20191031|72585172
0|000836|20191031|119587500
1|510880|20191031|26733819
0|300618|20191031|217081963
0|000877|20191031|396569385
1|688168|20191031|105926707
1|601519|20191031|254675508
1|603515|20191031|60890630
1|600217|20191031|78152496
1|600161|20191031|756497909
1|601069|20191031|130926370
1|600123|20191031|650019845
1|688008|20191031|192820183
1|600517|20191031|434303763
0|000540|20191031|1141420473
1|600581|20191031|17709927
0|002588|20191031|141254210
0|000543|20191031|281746505
1|603167|20191031|33452764
0|000700|20191031|156519200
0|002366|20191031|71842706
0|002925|20191031|102148453
1|600850|20191031|299155478
1|603559|20191031|56162506
0|002476|20191031|346670012
1|601866|20191031|402166870
1|600251|20191031|213750615
0|300122|20191031|1162412388
1|600651|20191031|160899944
1|603299|20191031|75842019
0|002249|20191031|53323780
1|600452|20191031|108259036
0|000993|20191031|34636134
1|600132|20191031|112030302
0|002621|20191031|35004157
0|002648|20191031|550718278
0|002358|20191031|52851636
0|000685|20191031|361525074
1|600880|20191031|337217216
1|600231|20191031|10044848
0|159938|20191031|17571938
0|002310|20191031|796287338
0|002653|20191031|143296497
0|000517|20191031|25368283
0|002383|20191031|101693085
1|600661|20191031|559616482
1|603833|20191031|24675614
1|600388|20191031|325301410
1|601003|20191031|18152642
0|000731|20191031|383259265
1|600129|20191031|60634700
0|300773|20191031|264231187
0|000957|20191031|204194467
0|000488|20191031|534482993
1|600483|20191031|134847069
0|300034|20191031|337911777
0|159922|20191031|122818890
0|002030|20191031|297470494
0|002293|20191031|199757874
1|600303|20191031|38125234
1|601969|20191031|15499067
0|300628|20191031|95224634
0|000917|20191031|581456489
1|512500|20191031|399688781
0|000767|20191031|98594751
0|002154|20191031|231647329
0|300638|20191031|220577397
1|603776|20191031|118229187
1|600545|20191031|359930080
1|512380|20191031|1560164
1|600382|20191031|429887472
1|601011|20191031|70997080
1|601952|20191031|59025093
0|300369|20191031|98341016
1|512160|20191031|2509029
0|002561|20191031|81173401
1|600548|20191031|38606231
1|601038|20191031|141487865
1|600874|20191031|336743757
1|600060|20191031|555950502
1|603806|20191031|19919326
0|000506|20191031|93741568
1|600590|20191031|95153282
1|600322|20191031|24684011
1|600773|20191031|378345785
0|000034|20191031|275369732
1|603026|20191031|298585858
0|000403|20191031|137031372
1|601228|20191031|24981349
0|002444|20191031|351458911
0|002647|20191031|219308329
1|600415|20191031|407457543
1|600081|20191031|90692223
1|600811|20191031|1292581694
1|600569|20191031|24994091
1|600180|20191031|41288442
0|002646|20191031|217968683
0|002783|20191031|169491852
0|002506|20191031|564252787
1|601727|20191031|587107456
0|002522|20191031|83498931
1|603108|20191031|226418421
1|600623|20191031|61293648
1|512580|20191031|8027367
0|000536|20191031|307630367
1|600390|20191031|122197399
1|600400|20191031|22179050
1|600008|20191031|429810229
0|000712|20191031|863602002
1|600225|20191031|55483017
0|001872|20191031|135234951
1|600057|20191031|41934329
0|002217|20191031|905107783
0|000777|20191031|343247811
1|600537|20191031|315187029
0|000762|20191031|427509220
0|000528|20191031|457555260
1|600675|20191031|192304664
1|600684|20191031|334404327
1|600478|20191031|395024634
1|600077|20191031|278555230
1|512950|20191031|1614749
1|510390|20191031|10824165
0|300189|20191031|24466413
1|600620|20191031|268327592
1|601929|20191031|304543290
0|000790|20191031|387123670
0|000415|20191031|691039675
1|688007|20191031|78392277
1|512900|20191031|2463799
1|510810|20191031|752610
1|600258|20191031|35943567
1|510230|20191031|17889168
1|600533|20191031|41534348
1|512180|20191031|571667
1|518800|20191031|651058704
0|000786|20191031|306636923
1|600083|20191031|351115
1|601606|20191031|59130367
1|512980|20191031|15332751
1|512040|20191031|3200758
1|510850|20191031|236468
1|600563|20191031|114363979
0|159910|20191031|252628
1|512530|20191031|211656
0|159925|20191031|933799
1|510350|20191031|1162
1|512510|20191031|708620
1|515300|20191031|3020
0|002155|20191031|186627833
0|000967|20191031|65702453
0|300476|20191031|180312261
1|600686|20191031|327099266
1|512990|20191031|1869119
1|512960|20191031|457262
1|510160|20191031|356809
0|159916|20191031|158514
1|600317|20191031|8483068
0|002416|20191031|211736260
0|000589|20191031|101137679
0|000301|20191031|15375201
1|510590|20191031|79182039
1|510180|20191031|195845024
1|603868|20191031|22368320
1|688321|20191031|207489456
0|002611|20191031|168630871
0|002275|20191031|160780644
1|600676|20191031|192244168
1|601018|20191031|365272398
0|300068|20191031|128050214
1|600692|20191031|276461421
0|002595|20191031|24391327
0|002503|20191031|81909355
0|002067|20191031|476986613
0|002020|20191031|207925029
0|002002|20191031|475689678
1|600616|20191031|221354490
0|002428|20191031|457940476
1|601016|20191031|29974743
1|512750|20191031|42960
0|002304|20191031|1332840261
1|601388|20191031|278341479
1|601800|20191031|686684861
1|601919|20191031|476473426
1|601010|20191031|14805308
0|000961|20191031|412684321
1|600055|20191031|73244619
0|002056|20191031|505977126
0|002389|20191031|127056298
0|002419|20191031|141215039
0|000976|20191031|63382699
1|600268|20191031|43702433
0|000727|20191031|54219557
0|300055|20191031|451278000
0|000612|20191031|15468395
0|000629|20191031|422934060
1|600187|20191031|288670839
0|159959|20191031|32571
1|600835|20191031|271539546
0|000655|20191031|68292256
0|300012|20191031|156707636
0|159948|20191031|1907035
1|600233|20191031|52775156
0|000559|20191031|838488259
0|000901|20191031|532024984
1|600642|20191031|289760940
1|600293|20191031|257948077
1|600375|20191031|73042074
0|300458|20191031|283852926
0|300244|20191031|168810534
1|600996|20191031|84012571
1|600171|20191031|831735570
1|600033|20191031|212855375
1|600601|20191031|651115490
0|300373|20191031|149881217
0|000885|20191031|70197159
1|600577|20191031|35536641
1|600822|20191031|63501006
1|600674|20191031|443261532
1|600592|20191031|643279069
1|600565|20191031|251264256
1|600110|20191031|646649868
1|601339|20191031|68602384
1|601005|20191031|71020114
1|688368|20191031|47018744
0|002106|20191031|535669777
1|600800|20191031|274969951
0|002238|20191031|57678284
1|600470|20191031|336695296
0|300180|20191031|299333133
0|000960|20191031|959435322
0|002325|20191031|421408625
0|002577|20191031|202111358
0|300310|20191031|73226434
1|600551|20191031|200092047
0|000761|20191031|177309227
0|002608|20191031|28093458
0|000667|20191031|222238618
1|603113|20191031|79119610
0|000912|20191031|38963585
0|000686|20191031|1351055783
0|002672|20191031|25822006
0|002222|20191031|122839050
0|002709|20191031|36501133
1|600578|20191031|257325615
0|002258|20191031|68226176
0|000631|20191031|251523907
0|002701|20191031|505755029
1|600490|20191031|786149509
1|601566|20191031|84621659
0|000100|20191031|2340927126
0|002204|20191031|247778482
1|600532|20191031|8914316
1|603609|20191031|94664534
1|512660|20191031|79318573
1|600501|20191031|45476316
1|603379|20191031|109361800
0|002267|20191031|294921215
1|601008|20191031|26550363
1|600510|20191031|21373697
0|300145|20191031|133080127
1|600170|20191031|357254287
1|600135|20191031|329922634
0|000869|20191031|259841183
1|600775|20191031|438179515
0|002148|20191031|370211166
0|300326|20191031|163070603
1|603708|20191031|22351377
0|000966|20191031|137979881
0|002413|20191031|87250617
1|600617|20191031|15480728
0|002130|20191031|319297665
1|600284|20191031|213270121
0|000883|20191031|249231461
1|601567|20191031|73310427
1|688116|20191031|92706936
1|600744|20191031|172263972
1|601199|20191031|92254062
0|000099|20191031|264519823
1|600873|20191031|497425674
0|000090|20191031|353331223
1|600139|20191031|221375553
1|600664|20191031|504928270
0|000850|20191031|32239902
1|601777|20191031|370839309
1|600007|20191031|228667691
1|600466|20191031|521867289
0|002240|20191031|56930773
1|601700|20191031|55369940
0|300037|20191031|34131683
0|300342|20191031|106560857
1|600761|20191031|252008196
1|510580|20191031|3034977
0|002521|20191031|292665298
1|600636|20191031|127650107
1|600136|20191031|51989822
1|688005|20191031|107518546
1|603858|20191031|566113394
0|000927|20191031|14666074
1|600125|20191031|567096223
1|600158|20191031|763122694
1|600403|20191031|11709541
0|000554|20191031|270581274
1|600929|20191031|78699979
0|300024|20191031|1328768037
1|600668|20191031|642960247
1|603567|20191031|17714208
1|600609|20191031|195922679
0|000968|20191031|56954058
0|000417|20191031|304093352
0|002839|20191031|120256956
1|601311|20191031|425046246
0|002681|20191031|343653976
1|600895|20191031|908558209
0|000426|20191031|381231984
0|002726|20191031|112609613
1|603025|20191031|22188667
0|002108|20191031|507511668
1|600269|20191031|326243333
0|159902|20191031|29458029
1|600498|20191031|1172995412
0|300457|20191031|30587268
1|600076|20191031|54457362
1|600575|20191031|459334705
1|603606|20191031|155761589
1|688019|20191031|130925750
0|002145|20191031|67835602
1|600810|20191031|71907159
0|000600|20191031|193860439
1|600653|20191031|184932872
0|002297|20191031|70865133
1|600522|20191031|2017176297
1|601015|20191031|25940978
1|601900|20191031|39932899
0|000550|20191031|79980788
1|600328|20191031|61417233
1|600864|20191031|222341624
0|002182|20191031|133584614
0|002080|20191031|87424139
1|600879|20191031|839978408
1|603803|20191031|148041737
1|600369|20191031|909707198
1|601101|20191031|327330386
1|600825|20191031|273178617
0|300502|20191031|201542466
0|300139|20191031|54712941
1|600130|20191031|65381406
0|002064|20191031|264108175
1|601949|20191031|69335707
0|002411|20191031|65809215
0|002277|20191031|556965846
1|600200|20191031|371537215
0|300471|20191031|73909511
0|002736|20191031|556417794
0|300197|20191031|124884991
1|600067|20191031|327226414
1|600277|20191031|502211542
1|603959|20191031|62339465
0|300257|20191031|369263593
1|600871|20191031|36220911
1|601858|20191031|41758312
0|300053|20191031|700604803
0|002493|20191031|974130313
0|002665|20191031|96770736
1|601326|20191031|15773559
1|600730|20191031|245103764
0|002367|20191031|305310957
0|000826|20191031|969458900
1|601890|20191031|55792895
0|000680|20191031|273482659
0|300128|20191031|537638881
1|600599|20191031|15108398
0|300267|20191031|314653739
0|002449|20191031|156813668
1|600068|20191031|1121381505
1|601965|20191031|26942647
1|603866|20191031|16184897
0|000616|20191031|330474065
0|000726|20191031|98489627
0|002120|20191031|60503508
1|603288|20191031|126434037
1|600184|20191031|37021376
0|002912|20191031|104451876
0|300115|20191031|421393027
0|000565|20191031|138268890
1|603919|20191031|54499373
1|600717|20191031|374638080
0|000823|20191031|557217426
0|000937|20191031|405264744
0|000719|20191031|95317873
0|002747|20191031|88293214
0|000552|20191031|221039004
1|603355|20191031|25092802
0|002085|20191031|196780400
1|601865|20191031|70452296
1|512330|20191031|3228390
1|600531|20191031|81654541
0|300079|20191031|1059230068
0|300009|20191031|169212678
0|000539|20191031|362983349
0|002440|20191031|524942216
0|002796|20191031|122807867
0|000828|20191031|234667144
0|000951|20191031|71096209
1|600377|20191031|46591739
0|000627|20191031|523139149
1|600729|20191031|597480365
1|603220|20191031|85888735
1|600855|20191031|311880433
1|603993|20191031|1232997245
1|601375|20191031|134819747
0|300222|20191031|143175569
1|600278|20191031|109878404
0|300401|20191031|215787705
0|002544|20191031|75902258
1|600789|20191031|520254675
0|002038|20191031|1055392463
0|000887|20191031|539358157
1|600326|20191031|503806724
0|002387|20191031|112190774
1|600090|20191031|68427426
1|603696|20191031|39117554
1|603198|20191031|113951341
1|600790|20191031|270741687
1|600503|20191031|579705357
1|600894|20191031|227484959
1|600320|20191031|230090157
0|000541|20191031|177844383
1|600543|20191031|296817107
0|300284|20191031|39255777
1|600163|20191031|19153840
0|300450|20191031|193921224
0|002029|20191031|304679296
1|600641|20191031|190007951
0|002013|20191031|100017978
0|002151|20191031|531463111
0|000408|20191031|67863890
1|603338|20191031|50513421
1|601179|20191031|347563423
1|600751|20191031|368234097
0|002075|20191031|769608235
1|600122|20191031|167146217
1|600495|20191031|303675956
1|601158|20191031|127756357
0|000008|20191031|367614183
1|601598|20191031|105872188
0|000973|20191031|347533026
0|002461|20191031|172897968
1|601801|20191031|266136721
1|600707|20191031|340158224
0|000690|20191031|1138995237
1|603588|20191031|70000141
0|002294|20191031|601657316
1|600963|20191031|52517541
0|300663|20191031|444165836
0|300232|20191031|110131729
0|000758|20191031|414913552
1|601001|20191031|287113927
1|601212|20191031|64905512
0|000501|20191031|286087133
1|600220|20191031|187655273
0|002371|20191031|894123227
1|600011|20191031|348478673
0|000996|20191031|537100482
1|600639|20191031|189599299
0|000926|20191031|661897954
1|600168|20191031|99477254
0|002662|20191031|227313009
1|600831|20191031|533548703
1|601390|20191031|1405202822
0|300397|20191031|143669663
0|002285|20191031|358012166
0|000625|20191031|796101239
1|600086|20191031|84461848
1|603678|20191031|135859088
0|000516|20191031|743015721
1|600708|20191031|88343140
1|601111|20191031|545157351
1|600959|20191031|51805752
0|000899|20191031|87381098
1|601328|20191031|2889425651
1|601975|20191031|157021222
1|600291|20191031|108648735
1|603659|20191031|24073342
0|000963|20191031|781146549
0|002276|20191031|379481591
1|600851|20191031|248749499
1|603881|20191031|93106478
0|002229|20191031|334234714
0|002158|20191031|241719842
1|600329|20191031|236172591
0|000671|20191031|935089857
0|002437|20191031|300629567
0|002004|20191031|428122614
0|002268|20191031|1425327622
1|600582|20191031|355753167
0|002183|20191031|764410248
0|300188|20191031|229653417
1|600335|20191031|270346338
0|000078|20191031|356345602
0|002287|20191031|109890206
1|601020|20191031|57604608
1|600307|20191031|442325058
1|601333|20191031|515181791
1|600695|20191031|21196535
0|002079|20191031|407002192
1|600120|20191031|646480513
0|002292|20191031|345354635
1|600118|20191031|981664939
0|002110|20191031|626830708
1|600416|20191031|523708056
0|002052|20191031|45116596
1|600078|20191031|271149855
1|600710|20191031|81418533
1|600830|20191031|306047099
1|600622|20191031|88752271
0|002750|20191031|74848015
1|601869|20191031|69391364
1|512000|20191031|336891317
1|603605|20191031|114961652
1|600332|20191031|979281223
0|300768|20191031|141583386
0|300343|20191031|88101770
1|600252|20191031|423051160
1|600611|20191031|381150531
0|002281|20191031|866090434
0|000723|20191031|520614493
0|300020|20191031|669572614
1|600058|20191031|227319119
1|600805|20191031|311222277
1|600053|20191031|70786518
0|300327|20191031|202626502
0|000829|20191031|288551108
1|600157|20191031|495238569
0|002091|20191031|370152841
0|000900|20191031|268896599
1|600059|20191031|370600337
0|000016|20191031|104486016
0|000709|20191031|1064709485
0|002617|20191031|96208121
0|002407|20191031|747270753
0|300191|20191031|379179299
0|000905|20191031|155994788
1|600006|20191031|297961071
1|600021|20191031|179511891
1|603042|20191031|80364782
0|002223|20191031|320348350
1|601600|20191031|1528829267
1|601966|20191031|61108536
0|000089|20191031|553633464
0|002573|20191031|433826178
1|600740|20191031|452836715
0|002538|20191031|209698384
1|600185|20191031|222290952
1|601168|20191031|1175057316
0|002422|20191031|850806345
1|600389|20191031|278525617
0|300414|20191031|85860468
0|000088|20191031|169112630
1|600662|20191031|286524834
0|000983|20191031|628979366
0|002271|20191031|450105409
0|000060|20191031|1019442620
0|300152|20191031|65493219
1|600300|20191031|351581776
0|300134|20191031|332781852
0|002320|20191031|39378373
0|000159|20191031|87740240
0|000811|20191031|471533853
0|300356|20191031|94679375
1|600116|20191031|311305569
0|002565|20191031|262330019
1|600802|20191031|300388169
1|600236|20191031|104978534
0|002095|20191031|345431886
0|300036|20191031|164539400
0|300002|20191031|599371367
1|600839|20191031|947916275
0|300266|20191031|50341489
1|688006|20191031|94492344
1|600970|20191031|861776196
1|603789|20191031|19232772
1|601636|20191031|281892833
0|300349|20191031|146911892
1|600107|20191031|307233346
1|603323|20191031|444863276
0|300177|20191031|241092625
1|601718|20191031|406583526
0|002244|20191031|262684918
1|600362|20191031|981734325
1|600138|20191031|451903579
1|600448|20191031|114419511
0|002426|20191031|66598929
1|600210|20191031|360403777
1|600169|20191031|282097022
0|002266|20191031|435304817
0|300170|20191031|1281245792
1|600612|20191031|76399838
1|600635|20191031|875513079
0|000006|20191031|626241982
1|600884|20191031|671488382
1|600881|20191031|693153612
1|600993|20191031|291510935
0|002507|20191031|281484239
1|600063|20191031|374307880
1|603260|20191031|119966586
1|688020|20191031|77512301
0|300761|20191031|154136638
1|601860|20191031|83566206
0|300251|20191031|524488352
0|002393|20191031|329833242
1|600061|20191031|459918796
1|601360|20191031|239775900
0|000931|20191031|96910764
0|002167|20191031|63840012
0|002118|20191031|490867382
1|600285|20191031|231784373
0|002288|20191031|66879913
1|601088|20191031|780338913
0|159928|20191031|16055838
1|601128|20191031|243553467
1|600151|20191031|424046881
0|002071|20191031|117744130
0|002326|20191031|103921454
1|603045|20191031|83898777
1|600428|20191031|36293613
0|000898|20191031|553198727
1|603568|20191031|48318868
0|002640|20191031|700047372
0|000012|20191031|443539883
1|600909|20191031|120952715
1|600064|20191031|631069802
1|601100|20191031|29885253
1|600759|20191031|406644017
1|600718|20191031|1097805357
1|600757|20191031|323145830
0|002431|20191031|439842295
1|688088|20191031|145406848
0|002131|20191031|219749318
0|159952|20191031|16029157
0|002512|20191031|97397714
1|601058|20191031|70229492
0|002430|20191031|108045743
1|600535|20191031|952526944
1|600515|20191031|384003571
0|002474|20191031|380557739
1|601000|20191031|441140209
1|688333|20191031|107357901
0|002597|20191031|312939065
1|600459|20191031|588230321
1|601118|20191031|978983861
1|603169|20191031|128334346
1|600433|20191031|495462018
0|300285|20191031|102019062
0|000825|20191031|804262031
1|600868|20191031|465234838
0|300168|20191031|1436250069
1|600523|20191031|413822900
1|603001|20191031|121118386
1|600691|20191031|41631918
1|601222|20191031|65105051
0|002475|20191031|1550419443
1|600199|20191031|227930654
0|300018|20191031|73971463
0|002180|20191031|448566284
1|601881|20191031|1278739810
0|000598|20191031|391833119
1|600600|20191031|304958385
1|600509|20191031|248657455
1|600766|20191031|26141053
0|000717|20191031|437147129
1|601880|20191031|207911931
1|603883|20191031|12993048
1|600458|20191031|298824228
1|600392|20191031|1052665009
1|513500|20191031|2221518235
0|002254|20191031|163951366
1|603899|20191031|26611069
1|600519|20191031|9091933982
1|600779|20191031|62993705
0|002128|20191031|488483282
1|600594|20191031|348600395
0|002489|20191031|84098323
1|600688|20191031|252356468
1|600999|20191031|950951286
0|002511|20191031|132329226
1|600742|20191031|580670741
1|600587|20191031|301028129
1|601229|20191031|819119084
1|600489|20191031|1220041606
1|600162|20191031|175662263
0|000027|20191031|285371850
1|600728|20191031|1310402906
1|600261|20191031|176731144
0|300042|20191031|122267906
0|000839|20191031|992711721
0|300146|20191031|716130192
1|600177|20191031|741212610
1|601137|20191031|91616675
1|600259|20191031|452741981
0|002500|20191031|1604862742
0|000513|20191031|376837171
0|002556|20191031|229044477
0|000930|20191031|613855862
0|002695|20191031|47233138
0|300025|20191031|97559962
1|600482|20191031|529397500
1|600398|20191031|171569064
0|002092|20191031|916596224
0|000889|20191031|72409987
1|600111|20191031|1839950021
1|603369|20191031|204863650
0|002025|20191031|788840521
0|002171|20191031|93825979
0|300038|20191031|154969175
0|300408|20191031|131058379
1|600360|20191031|179356186
0|002055|20191031|403025815
0|002307|20191031|320489024
0|002099|20191031|464202010
0|300300|20191031|178721150
1|600435|20191031|655815425
0|000021|20191031|575183045
1|603712|20191031|147672140
1|600256|20191031|1299210230
1|600967|20191031|629016560
1|603128|20191031|232414665
0|159901|20191031|155200479
0|300315|20191031|455443040
0|002610|20191031|77289070
1|600848|20191031|194555605
1|600339|20191031|88303193
1|603939|20191031|52625880
0|000812|20191031|267682436
1|603387|20191031|140576914
0|300088|20191031|1360372396
1|600115|20191031|497590393
1|600146|20191031|338939049
1|603032|20191031|51735909
0|002698|20191031|65915541
0|300026|20191031|389021598
0|001896|20191031|183849437
1|688029|20191031|251962067
1|688098|20191031|75212209
1|600330|20191031|552072332
1|603083|20191031|137236949
0|300098|20191031|258338065
0|300398|20191031|119338057
1|600213|20191031|48855116
0|300770|20191031|135002704
0|002739|20191031|817433667
1|601139|20191031|224249044
0|000970|20191031|896356304
0|000818|20191031|165981028
1|600206|20191031|800768534
1|600197|20191031|388541913
0|000921|20191031|178785830
0|002041|20191031|205352712
1|601878|20191031|238333618
0|000151|20191031|289395636
1|600643|20191031|647664559
1|600316|20191031|550863161
0|000525|20191031|368242215
1|603329|20191031|47759601
1|600230|20191031|472050826
1|600748|20191031|637967803
0|300183|20191031|97007757
0|002792|20191031|153036663
1|515880|20191031|11060842
1|603885|20191031|36863762
1|600655|20191031|340041911
1|600366|20191031|540568251
0|002318|20191031|341776207
1|688188|20191031|163587639
1|600795|20191031|701762752
0|000603|20191031|282339363
1|600782|20191031|590528179
1|600528|20191031|595544738
0|000969|20191031|408294301
0|002321|20191031|116976147
1|600222|20191031|235339433
1|600872|20191031|293244590
0|002355|20191031|261797744
0|300561|20191031|103489903
0|002221|20191031|642935936
1|601992|20191031|828722643
1|600722|20191031|181481133
0|002093|20191031|394606125
0|000059|20191031|655242194
0|300676|20191031|548635516
1|600771|20191031|844406799
0|002434|20191031|98334981
0|000039|20191031|742544538
1|600354|20191031|194989054
0|300308|20191031|189239228
0|002690|20191031|64592495
1|600928|20191031|145411366
0|002737|20191031|38804934
0|002583|20191031|165566188
0|002405|20191031|1817880741
0|002624|20191031|115634628
1|600282|20191031|291853996
1|600597|20191031|456472152
1|600893|20191031|1195983803
1|603328|20191031|176432590
1|600446|20191031|1352926452
0|002596|20191031|81460091
0|000859|20191031|70851654
0|000807|20191031|687877912
0|002302|20191031|375683313
1|603816|20191031|40978118
1|601872|20191031|603602747
1|600502|20191031|393172775
0|002639|20191031|102991320
0|000910|20191031|65339628
1|600350|20191031|161222366
0|002340|20191031|1441874982
1|600000|20191031|4130317483
0|002019|20191031|286121529
1|600776|20191031|575413766
0|002028|20191031|471912268
1|600216|20191031|423060189
1|600386|20191031|209019412
1|600568|20191031|341867073
0|002451|20191031|78900638
0|300182|20191031|682204728
1|601238|20191031|483353018
1|600372|20191031|553255166
0|300073|20191031|153956703
1|600038|20191031|873680824
1|601002|20191031|367927043
0|000735|20191031|420666810
1|600141|20191031|630283092
0|300418|20191031|309933560
0|300366|20191031|167836828
0|002051|20191031|538839761
0|000987|20191031|138317884
0|002138|20191031|540727645
0|002414|20191031|712252348
1|600113|20191031|256365901
0|002498|20191031|46066660
1|601117|20191031|726970851
1|600711|20191031|918415323
0|300527|20191031|156809963
0|002074|20191031|830227954
0|002531|20191031|71697400
1|600271|20191031|1419327587
1|600754|20191031|37302931
0|002570|20191031|172055657
0|002048|20191031|386516943
1|601958|20191031|411693193
0|000157|20191031|537096305
1|600660|20191031|950364696
1|600373|20191031|399324039
1|600809|20191031|376497297
0|000061|20191031|451744474
1|600056|20191031|571622187
0|300394|20191031|100735519
1|600022|20191031|730310813
1|600150|20191031|355478169
0|002313|20191031|581437519
0|002370|20191031|88920598
0|000650|20191031|792401241
0|002161|20191031|448694088
1|600017|20191031|334674051
1|600812|20191031|221946348
1|600583|20191031|452959034
0|002482|20191031|408855600
0|000728|20191031|1564102395
1|600160|20191031|770242905
1|600530|20191031|36645659
1|600467|20191031|236097415
0|002415|20191031|1555550702
1|603936|20191031|168834678
1|601766|20191031|1986016447
1|603318|20191031|131302192
0|000400|20191031|472225759
0|300316|20191031|205140781
1|688018|20191031|160024043
1|600363|20191031|608990981
0|000768|20191031|1135869185
1|600331|20191031|200822030
0|300144|20191031|177340437
0|002176|20191031|660696611
1|600066|20191031|318828343
1|603681|20191031|82453324
0|300274|20191031|541553530
1|603602|20191031|129373783
0|000596|20191031|157484767
0|300027|20191031|747877403
1|603118|20191031|262189829
0|002179|20191031|361675434
0|002745|20191031|113001831
0|002464|20191031|153481696
1|601678|20191031|696240716
1|688139|20191031|191874700
1|600387|20191031|321780215
0|000851|20191031|666472167
1|600808|20191031|546981943
0|300413|20191031|115965971
1|600198|20191031|297579188
0|300311|20191031|274088974
1|600079|20191031|528360368
1|600716|20191031|241902185
0|000878|20191031|736657036
0|000998|20191031|685228199
0|000703|20191031|486643984
0|002673|20191031|1399841541
1|600598|20191031|479832859
1|600640|20191031|389579377
0|000630|20191031|853467877
1|601838|20191031|151862071
1|601099|20191031|1819127998
1|601577|20191031|160468545
1|600009|20191031|592526771
0|002958|20191031|234692676
1|600739|20191031|1456349695
1|688030|20191031|96748629
0|300099|20191031|166880448
0|300271|20191031|104892574
1|600460|20191031|1126388245
0|002547|20191031|157763160
0|000623|20191031|1146105443
0|000778|20191031|956082401
1|600237|20191031|305807232
0|000581|20191031|637769123
0|002467|20191031|521511757
1|600958|20191031|1301477638
1|603505|20191031|127897373
1|600604|20191031|604265670
1|600777|20191031|586802400
1|600846|20191031|433683022
0|000830|20191031|1123533615
1|603005|20191031|109620150
0|002202|20191031|582655160
1|601216|20191031|800913068
0|300735|20191031|290490679
1|600624|20191031|474289901
0|000166|20191031|1052962591
1|601588|20191031|260449894
1|600705|20191031|1480382311
1|600325|20191031|1060111082
1|600337|20191031|287507985
1|600072|20191031|278628800
1|600323|20191031|291396744
1|600770|20191031|518081319
1|688099|20191031|183499865
0|002436|20191031|377076291
1|603508|20191031|106322481
1|601633|20191031|256410977
1|600260|20191031|1618664834
1|600557|20191031|133962735
0|002237|20191031|853890549
1|600486|20191031|207160485
0|002042|20191031|605031373
0|300699|20191031|235562868
1|601788|20191031|1572611806
0|000028|20191031|194213612
0|002508|20191031|297532116
0|002308|20191031|471513331
0|300378|20191031|174294567
1|601628|20191031|810340096
1|601225|20191031|1237100457
0|002408|20191031|623803609
0|002378|20191031|388290091
0|159939|20191031|48692893
1|601808|20191031|240715675
0|300006|20191031|112616591
1|603737|20191031|30286357
0|300226|20191031|687861692
1|600340|20191031|1863625715
0|300348|20191031|471721524
1|603228|20191031|176991546
1|601989|20191031|2764980266
1|600900|20191031|1516026762
0|300595|20191031|206224839
0|002460|20191031|1900492437
0|300297|20191031|170084294
0|300750|20191031|1082016469
0|159915|20191031|300538595
1|600273|20191031|1050726377
0|300630|20191031|61746142
1|600816|20191031|1087452426
1|601717|20191031|643780868
0|002153|20191031|293767053
0|300679|20191031|278845222
1|600221|20191031|1018558847
1|600406|20191031|1449898025
1|600521|20191031|559887282
0|000547|20191031|216806690
1|600559|20191031|347558305
1|600426|20191031|454299797
1|600155|20191031|809954353
0|002352|20191031|279573220
1|600410|20191031|919371212
0|002016|20191031|326559012
0|000813|20191031|234332427
0|000732|20191031|850931144
0|002274|20191031|144487746
0|002008|20191031|953907035
1|600500|20191031|637607004
1|600783|20191031|548886036
0|159920|20191031|20448456062
0|002234|20191031|610636580
1|512880|20191031|779091119
0|002396|20191031|938115825
0|300253|20191031|852572512
0|000799|20191031|490077523
1|600226|20191031|194209531
0|000423|20191031|745448188
1|600491|20191031|672087045
0|300747|20191031|84754766
1|600018|20191031|972147078
0|002697|20191031|95472641
1|600690|20191031|802018282
1|600741|20191031|250389647
1|601615|20191031|182826834
1|600588|20191031|3080007070
0|002589|20191031|216996944
1|601066|20191031|950488130
0|002657|20191031|225313689
0|300328|20191031|197392217
0|002273|20191031|554250251
1|600239|20191031|369740844
1|510050|20191031|14795805060
0|300256|20191031|271118089
1|601108|20191031|2125030630
0|000636|20191031|488710773
0|300085|20191031|289045829
0|300346|20191031|299322711
0|300017|20191031|2339574422
1|601789|20191031|231903092
0|300054|20191031|154258378
0|300482|20191031|70388548
0|000563|20191031|782534569
1|600572|20191031|1218093715
0|002812|20191031|234105773
0|000425|20191031|894762806
0|300496|20191031|296636001
1|600499|20191031|538164588
1|600571|20191031|204936383
1|600104|20191031|2225898658
1|603019|20191031|1049813316
0|002156|20191031|120877330
0|002458|20191031|716899284
0|000988|20191031|1250895773
0|300598|20191031|262452797
0|300377|20191031|386075943
0|002024|20191031|3289773021
0|002317|20191031|423050709
0|002203|20191031|454700477
1|603363|20191031|116869171
1|515000|20191031|83034768
0|002185|20191031|918919752
0|000069|20191031|1605694987
1|600487|20191031|1814617677
0|002017|20191031|208209023
0|002373|20191031|549407942
1|600438|20191031|813104335
1|600862|20191031|114358933
1|600585|20191031|1440895034
0|002557|20191031|155555476
1|601997|20191031|1004650756
1|600756|20191031|876045162
1|601012|20191031|2255128479
1|518880|20191031|15395182045
1|603127|20191031|132103949
0|000776|20191031|2551594436
1|601998|20191031|545268812
1|600395|20191031|273597272
0|000810|20191031|156726914
1|600536|20191031|1668348966
0|300339|20191031|517392767
0|002261|20191031|590692797
0|002007|20191031|677884752
0|000555|20191031|280007000
0|000895|20191031|723896446
0|002299|20191031|710359431
0|300302|20191031|118536481
1|600201|20191031|1044981022
0|002385|20191031|889972577
0|300379|20191031|498552873
0|002142|20191031|583831432
0|300194|20191031|168970488
1|603888|20191031|180909792
0|300072|20191031|1161706275
0|002104|20191031|598685987
1|601899|20191031|1612692855
0|002600|20191031|823460964
1|600073|20191031|548178969
1|600516|20191031|2292019742
0|000933|20191031|297680482
0|000503|20191031|1555872978
1|601988|20191031|2232417582
0|002023|20191031|914973952
1|600010|20191031|1429230557
1|600094|20191031|1077717091
1|600926|20191031|505461063
0|300602|20191031|349596839
0|300352|20191031|577759518
1|513100|20191031|2174729746
0|002230|20191031|3644875454
0|300498|20191031|1790280176
0|002821|20191031|374500267
0|002353|20191031|466881138
1|600975|20191031|111819648
0|300003|20191031|766859060
1|600699|20191031|845252803
1|601231|20191031|318659195
0|002027|20191031|1468533906
0|002049|20191031|2169990120
1|603799|20191031|534906186
1|600837|20191031|4817174509
1|601288|20191031|3932228109
1|601607|20191031|722031378
1|600143|20191031|690784955
1|600208|20191031|685731049
0|002063|20191031|729053830
0|002177|20191031|201215684
0|000860|20191031|358757106
1|601888|20191031|882999654
0|300070|20191031|1133865427
0|300033|20191031|1650406989
1|600050|20191031|3537255436
1|601688|20191031|4767707034
1|600183|20191031|1130074391
1|603000|20191031|1221603818
1|601169|20191031|1656628337
1|510300|20191031|11905431094
1|600352|20191031|3372934668
0|002368|20191031|1102111956
1|601601|20191031|1738045333
1|601318|20191031|25547905012
0|002241|20191031|1117584856
0|300322|20191031|705035772
0|000977|20191031|1480225022
1|600584|20191031|978697543
1|600315|20191031|584900206
1|600998|20191031|756605566
0|002916|20191031|446172678
1|600745|20191031|981111791
1|600383|20191031|1521343148
0|002044|20191031|260142593
1|600886|20191031|1783639070
0|000413|20191031|2035350890
1|600276|20191031|1517753151
1|600036|20191031|3962319381
0|000063|20191031|3768077379
0|000725|20191031|7973768657
1|510900|20191031|23917477629
1|600887|20191031|2578988848
1|600570|20191031|3831575414
1|688369|20191031|107108559
1|688025|20191031|42255102
