1|600010|20190612|2028038119
1|600111|20190612|2700580246
1|600259|20190612|929485971
1|600549|20190612|1091775942
1|600460|20190612|1507884051
1|601939|20190612|1587124303
1|601600|20190612|1758463321
1|600547|20190612|1283862984
1|600366|20190612|843299743
1|601899|20190612|1716419147
1|600330|20190612|834446113
1|600410|20190612|1046481748
1|600831|20190612|786462760
1|601211|20190612|2572031053
1|601881|20190612|1650231931
1|600354|20190612|408564839
1|601138|20190612|1413498273
1|510050|20190612|14094106992
1|600604|20190612|1157716631
1|600635|20190612|1358212014
1|600720|20190612|481722972
1|600108|20190612|648207177
1|600155|20190612|1006907113
1|510300|20190612|12914790929
1|600868|20190612|606369592
1|601012|20190612|1124993727
1|600406|20190612|1615294768
1|600703|20190612|2140887123
1|600251|20190612|308267139
1|600497|20190612|874846155
1|600325|20190612|1082856928
1|600598|20190612|735106054
1|600525|20190612|813752094
1|600887|20190612|1487048830
1|600171|20190612|925771037
1|600183|20190612|473724008
1|600050|20190612|4080049160
1|600771|20190612|906709457
1|600489|20190612|1073047203
1|600775|20190612|600185166
1|600085|20190612|555523367
1|600000|20190612|3928949622
1|600606|20190612|1414427326
1|600009|20190612|358195874
1|601608|20190612|479990558
1|600776|20190612|800558607
1|600837|20190612|4703917613
1|600600|20190612|320082789
1|601225|20190612|1556625359
1|601155|20190612|1811603270
1|600362|20190612|1158113299
1|601377|20190612|2343310742
1|600340|20190612|2012239997
1|600271|20190612|1525525997
1|600801|20190612|1147749502
1|600993|20190612|321024935
1|601336|20190612|1275385986
1|600711|20190612|1087630883
1|600517|20190612|643338916
1|601169|20190612|1429951847
1|600900|20190612|1311685008
1|600597|20190612|435937882
1|600363|20190612|526531522
1|600770|20190612|679261665
1|600383|20190612|2534753726
1|600300|20190612|447407372
1|600392|20190612|1525445602
1|600456|20190612|517684343
1|601117|20190612|808636880
1|600873|20190612|521533125
1|601038|20190612|155149230
1|600919|20190612|811798564
1|600058|20190612|310525410
1|600418|20190612|563444382
1|601006|20190612|1423257709
1|600970|20190612|964657393
1|600020|20190612|588657907
1|600104|20190612|2231975606
1|601800|20190612|742783776
1|600660|20190612|1048033611
1|600056|20190612|711445531
1|600846|20190612|588843629
1|510500|20190612|5121152140
1|601555|20190612|1560651401
1|601766|20190612|2314079372
1|600872|20190612|420228984
1|600728|20190612|1442451982
1|513100|20190612|1901551421
1|600509|20190612|328740912
1|601021|20190612|336937213
1|600438|20190612|501322683
1|600765|20190612|634864917
1|600737|20190612|752034684
1|513500|20190612|2394389794
1|601688|20190612|3836228780
1|512880|20190612|424310831
1|600704|20190612|579722895
1|600208|20190612|813176351
1|600239|20190612|406705628
1|600756|20190612|1066683260
1|601989|20190612|2983849102
1|600522|20190612|2092306871
1|600859|20190612|253703609
1|600307|20190612|565062236
1|600667|20190612|911811062
1|600315|20190612|784775246
1|600470|20190612|435765709
1|600787|20190612|518127135
1|600369|20190612|1049061641
1|600705|20190612|1771117216
1|601633|20190612|303811555
1|601988|20190612|2739022662
1|600620|20190612|298683011
1|600118|20190612|1160775689
1|600741|20190612|360063578
1|600298|20190612|336239713
1|600079|20190612|647589059
1|600563|20190612|166421799
1|600565|20190612|374488191
1|600584|20190612|1437598502
1|600971|20190612|411541707
1|600655|20190612|362925625
1|600256|20190612|1426838713
1|600502|20190612|501004371
1|600739|20190612|1493642330
1|600146|20190612|365422652
1|600086|20190612|165577260
1|601919|20190612|435046384
1|601216|20190612|896179543
1|600516|20190612|2907625494
1|600088|20190612|313718318
1|600064|20190612|788177016
1|600676|20190612|250134784
1|601801|20190612|337004932
1|600478|20190612|507079773
1|600803|20190612|758634206
1|600643|20190612|739145611
1|600744|20190612|180852322
1|600612|20190612|55478585
1|601566|20190612|106919324
1|601789|20190612|288660071
1|600759|20190612|504028822
1|600372|20190612|605338025
1|600094|20190612|1089278863
1|512800|20190612|45174054
1|601231|20190612|207682361
1|601333|20190612|548520790
1|600575|20190612|589667971
1|601992|20190612|1023608841
1|600797|20190612|1033704440
1|601288|20190612|3555359623
1|600021|20190612|216947460
1|600820|20190612|743688190
1|600435|20190612|781100993
1|600066|20190612|415220776
1|601898|20190612|467225369
1|600395|20190612|364508571
1|601929|20190612|365897178
1|600855|20190612|374723322
1|512500|20190612|34601336
1|600823|20190612|371910452
1|600006|20190612|389671578
1|601808|20190612|300871784
1|600169|20190612|284036030
1|600626|20190612|451877992
1|601515|20190612|428880735
1|600388|20190612|459435627
1|600958|20190612|1605746596
1|603858|20190612|640670596
1|600998|20190612|870131541
1|600867|20190612|949949817
1|600219|20190612|1091929732
1|512660|20190612|61907563
1|600141|20190612|686343462
1|600879|20190612|1060391746
1|600611|20190612|439410696
1|600583|20190612|478538606
1|600594|20190612|393281611
1|600648|20190612|1086880757
1|600188|20190612|555406186
1|600692|20190612|336433669
1|600138|20190612|505167307
1|600662|20190612|363680298
1|600886|20190612|2118616094
1|600804|20190612|1719423129
1|600582|20190612|436281361
1|600323|20190612|322037171
1|600026|20190612|281223158
1|600773|20190612|446820339
1|600839|20190612|1006352755
1|600481|20190612|264419677
1|601111|20190612|587046722
1|600336|20190612|286746902
1|601717|20190612|697335151
1|600825|20190612|365885368
1|600320|20190612|260258019
1|600123|20190612|722970480
1|600199|20190612|307795880
1|601098|20190612|287662766
1|601985|20190612|885453009
1|600158|20190612|831315447
1|600811|20190612|1264904218
1|600805|20190612|346689976
1|600312|20190612|481751538
1|600063|20190612|428479362
1|600096|20190612|353479043
1|600722|20190612|230008672
1|600835|20190612|242647922
1|600486|20190612|255116666
1|600750|20190612|454004055
1|518800|20190612|789275093
1|510850|20190612|1371253
1|600578|20190612|267563588
1|600664|20190612|611911618
1|600684|20190612|403971071
1|603369|20190612|201867924
1|600511|20190612|196244225
1|600004|20190612|130674124
1|600116|20190612|392306510
1|600151|20190612|504754073
1|600616|20190612|251405963
1|601991|20190612|442350280
1|600551|20190612|222882802
1|600500|20190612|717736922
1|601179|20190612|370980432
1|600894|20190612|207777587
1|600261|20190612|257737969
1|600292|20190612|350480904
1|600007|20190612|272950253
1|600257|20190612|360883830
1|510330|20190612|65938755
1|600107|20190612|299487876
1|600162|20190612|183685258
1|600592|20190612|484548105
1|600482|20190612|610304778
1|600566|20190612|405683523
1|600185|20190612|287689112
1|600802|20190612|366585321
1|600177|20190612|951362755
1|600077|20190612|270394917
1|600743|20190612|209168755
1|600499|20190612|614304719
1|600037|20190612|533681700
1|600637|20190612|1277550511
1|600543|20190612|288837860
1|600293|20190612|274784247
1|600068|20190612|1286446890
1|512280|20190612|1598478
1|601928|20190612|289075535
1|512580|20190612|6824579
1|512980|20190612|16925265
1|600761|20190612|271230990
1|512070|20190612|13186782
1|510310|20190612|13544208
1|512010|20190612|12600676
1|601139|20190612|190075520
1|510710|20190612|1196720
1|512180|20190612|1371003
1|600318|20190612|332395853
1|513050|20190612|854944825
1|512950|20190612|1246700
1|600223|20190612|316539393
1|510230|20190612|9226897
1|600433|20190612|611974845
1|600196|20190612|1625414806
1|600237|20190612|326015229
1|510160|20190612|376184
1|512160|20190612|4145787
1|510390|20190612|301736
1|510810|20190612|976877
1|600230|20190612|668735396
1|601000|20190612|481436564
1|600310|20190612|164434038
1|510590|20190612|11234843
1|600875|20190612|1241528510
1|512900|20190612|1788339
1|600210|20190612|434994970
1|600377|20190612|51550642
1|601101|20190612|413938257
1|512520|20190612|2348409
1|600568|20190612|499108186
1|600718|20190612|1171864203
1|600790|20190612|296077693
1|600023|20190612|353082509
1|512090|20190612|4365279
1|600490|20190612|934369251
1|600661|20190612|573901990
1|601107|20190612|132704416
1|603001|20190612|136565570
1|600976|20190612|362825293
1|601001|20190612|323932295
1|600757|20190612|385017757
1|600067|20190612|370080838
1|600609|20190612|215491340
1|600348|20190612|508633652
1|510880|20190612|26701331
1|600170|20190612|370124212
1|600012|20190612|92932288
1|600221|20190612|1105542532
1|600783|20190612|739920588
1|600880|20190612|379284830
1|600495|20190612|360096317
1|600521|20190612|524794950
1|600350|20190612|234689501
1|600386|20190612|248210912
1|600707|20190612|470604799
1|600343|20190612|408959444
1|601158|20190612|144178923
1|600220|20190612|243519258
1|600166|20190612|1006691452
1|600266|20190612|1720096819
1|600863|20190612|371745742
1|600098|20190612|273847145
1|600491|20190612|713175891
1|600038|20190612|854066279
1|600187|20190612|326086154
1|601258|20190612|326185686
1|601678|20190612|783189813
1|600645|20190612|885417769
1|510510|20190612|12805241
1|512000|20190612|221794223
1|600851|20190612|272908118
1|600458|20190612|320559580
1|600139|20190612|247898261
1|600297|20190612|369954262
1|600382|20190612|481816023
1|601727|20190612|746410484
1|600699|20190612|818082280
1|600730|20190612|289420976
1|600376|20190612|395783227
1|601958|20190612|518687314
1|600688|20190612|306753767
1|600717|20190612|480097283
1|600168|20190612|117490346
1|600222|20190612|310801823
1|601996|20190612|222768739
1|600078|20190612|260415334
1|601628|20190612|936781018
1|600073|20190612|627797902
1|600033|20190612|229132055
1|600668|20190612|713525770
1|600011|20190612|278444901
1|600333|20190612|216694222
1|600808|20190612|680514605
1|600335|20190612|349990428
1|601880|20190612|247913946
1|600838|20190612|279402285
1|600415|20190612|473005345
1|600285|20190612|320424298
1|600651|20190612|211561980
1|600537|20190612|349523117
1|603766|20190612|319978763
1|600048|20190612|2756294900
1|600483|20190612|167075030
1|600694|20190612|434309311
1|600548|20190612|47406101
1|601877|20190612|405772880
1|600674|20190612|513287742
1|600022|20190612|846505240
1|601218|20190612|239787138
1|600795|20190612|860947474
1|600027|20190612|357615560
1|600639|20190612|173883696
1|600389|20190612|338442448
1|601199|20190612|104816658
1|600229|20190612|261024784
1|600316|20190612|643367992
1|600503|20190612|678377891
1|600515|20190612|447873317
1|601866|20190612|435653745
1|601788|20190612|1788489109
1|601198|20190612|793551154
1|600062|20190612|412522247
1|600523|20190612|453782715
1|600329|20190612|227488044
1|600742|20190612|675934305
1|600601|20190612|649804233
1|600008|20190612|534256343
1|600874|20190612|425474079
1|600559|20190612|324870995
1|600827|20190612|417577947
1|600596|20190612|954247053
1|600143|20190612|482311259
1|600800|20190612|346574186
1|600277|20190612|573053481
1|600197|20190612|367662920
1|600557|20190612|187443614
1|601126|20190612|206377236
1|601002|20190612|446156345
1|600884|20190612|869156152
1|600252|20190612|532909254
1|600331|20190612|254743346
1|600449|20190612|409619436
1|600398|20190612|200664667
1|600466|20190612|591327445
1|600653|20190612|205771830
1|600269|20190612|332776693
1|600777|20190612|652864038
1|600236|20190612|87672073
1|600031|20190612|1480908697
1|601668|20190612|4400887981
1|600901|20190612|447042499
1|601128|20190612|402041091
1|600467|20190612|257145552
1|601238|20190612|542273632
1|600663|20190612|282860145
1|600059|20190612|411530704
1|600260|20190612|1672582481
1|600132|20190612|177051209
1|600716|20190612|288691383
1|600200|20190612|440575050
1|600881|20190612|649146573
1|600387|20190612|368441303
1|600391|20190612|431408263
1|601666|20190612|409873643
1|603169|20190612|105959050
1|600978|20190612|592643496
1|600089|20190612|1448068476
1|600545|20190612|331483937
1|600326|20190612|511838116
1|601168|20190612|1277430211
1|600580|20190612|573091817
1|600416|20190612|494971748
1|600729|20190612|686339272
1|600826|20190612|307790768
1|600017|20190612|368225009
1|601607|20190612|900674406
1|601088|20190612|950287501
1|601118|20190612|1179425771
1|600113|20190612|269108982
1|601872|20190612|372406674
1|600686|20190612|346674219
1|601311|20190612|511536138
1|510180|20190612|208831064
1|600122|20190612|235932972
1|600893|20190612|1161673895
1|601999|20190612|141568816
1|600967|20190612|724685492
1|601857|20190612|2278151303
1|600282|20190612|542594765
1|600061|20190612|507157920
1|600782|20190612|728921114
1|600120|20190612|751259195
1|601018|20190612|652027639
1|600649|20190612|1314275366
1|600633|20190612|589801980
1|600115|20190612|599156726
1|600201|20190612|1090238787
1|601718|20190612|490488304
1|600587|20190612|311688135
1|600624|20190612|686601166
1|600987|20190612|160697013
1|600030|20190612|11001012665
1|601388|20190612|369739860
1|601233|20190612|1514968093
1|600157|20190612|585872928
1|600176|20190612|1546216773
1|600507|20190612|334596402
1|600267|20190612|556222279
1|600273|20190612|1209869222
1|601588|20190612|254917483
1|601997|20190612|1405683251
1|600677|20190612|829971701
1|600109|20190612|2215677877
1|600642|20190612|347341455
1|600830|20190612|355087201
1|600373|20190612|569214130
1|600789|20190612|649396851
1|600028|20190612|2223071467
1|601229|20190612|940378362
1|601099|20190612|1981476443
1|600748|20190612|754020205
1|601390|20190612|1581034375
1|600153|20190612|854009047
1|600409|20190612|840184312
1|600288|20190612|547450273
1|600039|20190612|361102051
1|600690|20190612|790162282
1|600535|20190612|793524157
1|600125|20190612|634828189
1|601669|20190612|887378382
1|600161|20190612|585702615
1|600673|20190612|1310909709
1|600175|20190612|420348015
1|600926|20190612|634632352
1|601886|20190612|600731344
1|600135|20190612|401554400
1|600100|20190612|1822308089
1|600160|20190612|1043936283
1|600422|20190612|971162808
1|600487|20190612|2199451135
1|600110|20190612|763082479
1|601777|20190612|551028593
1|600019|20190612|986183138
1|603323|20190612|636927243
1|603000|20190612|1183197624
1|603993|20190612|1434320355
1|600284|20190612|335752143
1|600309|20190612|3360940930
1|600216|20190612|554921799
1|600029|20190612|1145823144
1|600498|20190612|1419273308
1|600740|20190612|693673259
1|600426|20190612|654415090
1|600751|20190612|393202494
1|600999|20190612|970551072
1|600380|20190612|451359641
1|601818|20190612|1511414682
1|601901|20190612|837998870
1|601009|20190612|1582153659
1|600015|20190612|2390880643
1|600436|20190612|1049282668
1|600702|20190612|637517684
1|600640|20190612|398349840
1|601933|20190612|546771727
1|600528|20190612|701197208
1|601998|20190612|750330024
1|600809|20190612|290732263
1|601369|20190612|324530283
1|600585|20190612|1828198496
1|600755|20190612|1217046036
1|600018|20190612|1740905356
1|601636|20190612|412145271
1|600816|20190612|1213046363
1|601318|20190612|21238026915
1|600459|20190612|769115570
1|600332|20190612|1028733731
1|601699|20190612|640369526
1|601186|20190612|2494655524
1|601618|20190612|1129867084
1|600588|20190612|3108442223
1|600536|20190612|2006585988
1|518880|20190612|15383540506
1|600060|20190612|723717205
1|600895|20190612|1428894369
1|601398|20190612|2760164539
1|601328|20190612|2442207443
1|601166|20190612|10811724140
1|601601|20190612|1426220500
1|600036|20190612|2824511562
1|600218|20190612|906382896
1|601888|20190612|594655266
1|600337|20190612|258346011
1|600276|20190612|1197414266
1|600016|20190612|8872167958
1|601108|20190612|2361046342
1|600572|20190612|1347006715
1|600570|20190612|3280610933
1|600519|20190612|7669621464
1|510900|20190612|25476860521
1|600446|20190612|1457152120
1|600206|20190612|1040949448
1|600352|20190612|4745147146
